221435
220388
222182
220867
220229
230708
222220
233591
226141
248613
390247
220749
445079
638538
597519
778364
346345
1.81525e+06
377117
3.20032e+06
1.15522e+06
3.23115e+06
4.63425e+06
588774
3.03713e+06
1.76954e+06
1.09115e+06
3.97854e+06
810472
2.01868e+06
1.47924e+06
754611
2.58679e+06
301279
2.37879e+06
463785
6.16396e+06
3.53996e+06
667565
6.50818e+06
3.19721e+06
411816
6.90972e+06
2.35998e+06
1.63181e+06
5.15773e+06
2.14026e+06
505326
3.61402e+06
649911
2.83961e+06
1.78661e+06
908415
3.94215e+06
890621
1.74675e+06
1.37982e+06
719309
2.48833e+06
310282
2.01292e+06
348615
6.23403e+06
2.75944e+06
1.61971e+06
6.40052e+06
3.40646e+06
210253
6.0075e+06
1.3607e+06
5.20662e+06
7.11692e+06
2.50093e+06
603020
5.21769e+06
1.63512e+06
1.33995e+06
2.59233e+06
305378
3.86205e+06
1.22717e+06
3.02452e+06
3.85599e+06
508522
4.18038e+06
2.63161e+06
556454
3.38109e+06
724688
3.54804e+06
3.42245e+06
200333
2.96475e+06
367493
9.70829e+06
5.86137e+06
233008
1.21753e+07
8.34258e+06
522579
8.92187e+06
1.73585e+07
1.46703e+07
8.00051e+06
1.46119e+06
2.47292e+06
3.92314e+06
687091
3.09694e+06
2.76107e+06
207042
2.05262e+06
195592
7.35372e+06
1.86966e+06
4.71341e+06
8.62132e+06
4.67634e+06
395873
5.60334e+06
4.16331e+06
190613
4.75171e+06
1.40196e+06
4.71025e+06
8.94267e+06
4.3085e+06
292080
3.32224e+06
1.00689e+06
4.31013e+06
6.31496e+06
1.68556e+06
813819
1.71815e+06
198266
3.64561e+06
628455
4.10067e+06
2.8988e+06
347820
7.50352e+06
2.9498e+06
885770
5.23006e+06
2.20059e+06
687270
5.52152e+06
2.28239e+06
415818
1.96468e+06
181811
5.4707e+06
1.3938e+06
4.12939e+06
5.96106e+06
1.83056e+06
1.07844e+06
4.96167e+06
1.94125e+06
337871
1.08313e+06
401045
2.95324e+06
694103
1.29558e+06
601939
2.28418e+06
2.53161e+06
173287
1.25502e+06
221750
5.30581e+06
1.61829e+06
1.88618e+06
3.44194e+06
579643
3.3168e+06
3.22168e+06
188069
2.07055e+06
233280
8.20719e+06
4.18409e+06
570581
8.3306e+06
4.80925e+06
164721
1.24575e+07
7.70398e+06
272167
1.35306e+07
9.98983e+06
1.17989e+06
5.17455e+06
1.67487e+07
1.68281e+07
1.1503e+07
4.61579e+06
177500
4.9493e+06
1.56385e+06
4.12555e+06
9.66585e+06
5.95622e+06
1.192e+06
1.09775e+06
1.30925e+06
424877
3.24395e+06
957026
784127
530135
1.71016e+06
2.13761e+06
168760
717829
439481
3.42521e+06
1.08803e+06
645300
550331
1.41002e+06
2.11723e+06
217357
604245
369528
3.11199e+06
916635
720995
438465
1.92802e+06
2.1273e+06
140637
685019
477968
3.353e+06
1.12288e+06
460113
373977
1.75669e+06
1.8586e+06
122548
483095
838442
2.56189e+06
597015
428499
125019
2.86577e+06
939705
1.00073e+06
835961
969099
2.95624e+06
854956
299584
113393
2.53441e+06
936976
859795
706817
1.12473e+06
2.77364e+06
688141
322746
115380
2.60378e+06
876825
784082
534295
1.54788e+06
2.61255e+06
435371
446805
154315
3.09155e+06
1.12516e+06
552991
567379
1.14236e+06
2.5278e+06
566970
286268
162049
2.41338e+06
835801
420937
166377
2.51791e+06
1.7987e+06
118598
581225
679382
2.92685e+06
1.04504e+06
150605
89468.7
2.16093e+06
1.18747e+06
240360
270325
1.72785e+06
1.99934e+06
135261
385067
542232
2.74562e+06
966442
149569
76931.9
2.21302e+06
1.21894e+06
197658
261728
1.59339e+06
2.06111e+06
195301
314454
460581
2.57384e+06
915332
130609
66471.3
2.19923e+06
1.20611e+06
159644
217688
1.57269e+06
2.0328e+06
209022
258230
487463
2.4036e+06
831066
103743
68880
1.99794e+06
1.13347e+06
79144.6
89278.2
1.69114e+06
1.65506e+06
91283.8
179191
854931
2.14452e+06
574370
87194.8
194118
1.81757e+06
865763
49607.3
74304.2
1.58534e+06
1.07792e+06
52158.4
45319.7
1.46138e+06
1.33542e+06
80098.1
64617
1.05945e+06
1.68238e+06
308138
59510.6
491750
1.66899e+06
604737
38219.3
240305
1.39676e+06
755367
62671.9
134297
1.14805e+06
963133
164118
84920.7
816307
1.08261e+06
336766
91657.4
521832
1.04679e+06
530958
146956
338943
897671
695209
256517
256227
684388
771403
402979
261559
507610
742051
533631
319832
408662
651521
610873
405132
378728
550662
623899
488231
398018
481060
591922
542671
441033
451150
544426
561359
487161
453407
505851
552418
520060
473518
486675
531655
533911
497568
485489
512887
532400
515644
495145
503192
523746
523922
507529
502800
515525
524199
516955
508067
511687
520841
521396
514586
512389
517776
521932
519415
515663
516918
520910
521738
519232
518138
520237
522306
521759
520303
520632
522333
523078
522359
521873
522637
523667
523780
523335
523407
524113
524637
524578
524435
524717
525219
525460
525419
525468
525768
526084
526201
526219
526350
526595
526788
526863
526925
527066
527243
527363
527427
527502
527619
527738
527818
527873
527941
528026
528100
528147
528186
528233
528284
528323
528348
528368
528390
528408
528417
528416
528413
528408
528397
528379
528355
528328
528294
528254
528211
528164
528112
528051
527982
527913
527843
527766
527680
527589
527494
527392
527284
527172
527059
526942
526817
526685
526550
526413
526270
526119
525963
525803
525637
525464
525291
525115
524932
524741
524547
524351
524147
523936
523721
523503
523280
523050
522813
522574
522337
522096
521845
521588
521327
521058
520785
520511
520234
519950
519659
519365
519069
518767
518455
518139
517821
517501
517180
516854
516521
516184
515843
515496
515143
514787
514428
514062
513692
513314
512930
512546
512160
511773
511381
510984
510583
510179
509774
509364
508942
508511
508079
507647
507214
506770
506323
505880
505428
504965
504498
504035
503579
503111
502623
502130
501643
501165
500690
500198
499698
499200
498696
498186
497675
497163
496637
496100
495571
495056
494528
493977
493419
492871
492339
491799
491233
490660
490097
489537
488966
488381
487798
487227
486651
486063
485471
484877
484278
483674
483069
482464
481854
481241
480627
480007
479380
478746
478116
477489
476850
476200
475557
474923
474285
473632
472973
472320
471667
471007
470342
469673
469005
468329
467647
466968
466296
465625
464938
464240
463543
462848
462155
461457
460750
460040
459327
458612
457904
457192
456469
455741
455017
454299
453576
452842
452108
451374
450639
449903
449164
448420
447669
446913
446160
445407
444650
443890
443132
442381
441629
440867
440090
439309
438538
437773
437002
436213
435417
434645
433881
433097
432292
431481
430673
429881
429119
428364
427575
426738
425899
425109
424346
423552
422718
421887
421085
420293
419487
418657
417812
416983
416183
415379
414540
413695
412870
412057
411241
410409
409579
408765
407938
407077
406219
405392
404574
403745
402899
402048
401203
400370
399546
398707
397846
396995
396155
395307
394443
393573
392720
391892
391066
390219
389351
388484
387634
386787
385926
385072
384221
383367
382513
381656
380798
379933
379074
378218
377351
376476
375605
374749
373908
373068
372208
371333
370455
369582
368720
367866
367014
366171
365322
364441
363553
362687
361842
360991
360119
359248
358392
357531
356671
355820
354966
354111
353251
352394
351538
350672
349800
348936
348092
347257
346408
345535
344668
343823
342979
342129
341286
340448
339601
338737
337871
337025
336200
335382
334542
333673
332812
331984
331166
330335
329487
328646
327820
326997
326157
325314
324485
323666
322846
322021
321190
320359
319541
318740
317942
317138
316321
315496
314675
313854
313039
312242
311449
310647
309842
309044
308258
307480
306693
305889
305086
304298
303525
302754
301975
301187
300404
299633
298867
298105
297342
296575
295810
295048
294289
293527
292770
292024
291274
290528
289791
289053
288312
287582
286852
286115
285381
284652
283931
283208
282487
281769
281054
280345
279636
278928
278229
277531
276831
276132
275432
274740
274061
273387
272709
272024
271342
270681
270027
269356
268675
268009
267366
266718
266050
265383
264742
264126
263504
262856
262208
261585
260980
260366
259736
259108
258502
257909
257309
256701
256097
255506
254915
254321
253732
253157
252588
252016
251441
250876
250316
249757
249206
248657
248104
247554
247014
246485
245962
245433
244900
244379
243869
243362
242853
242344
241841
241342
240848
240368
239889
239397
238906
238438
237984
237520
237043
236574
236130
235695
235246
234789
234352
233932
233503
233062
232637
232229
231811
231385
230973
230582
230193
229789
229390
229006
228630
228246
227869
227509
227148
226776
226415
226075
225739
225390
225049
224730
224418
224099
223785
223492
223207
222916
222629
222360
222103
221846
221590
221344
221116
220894
220676
220467
220270
220082
219898
219721
219558
219404
219256
219120
218995
218878
218768
218671
218585
218508
218440
218385
218340
218303
218275
218257
218249
218250
218260
218280
218308
218345
218392
218449
218515
218589
218672
218766
218868
218977
219095
219225
219364
219508
219658
219817
219986
220161
220342
220531
220725
220925
221130
221341
221558
221783
222015
222250
222490
222733
222982
223240
223501
223763
224032
224306
224585
224874
225162
225445
225722
225994
226254
226486
226681
226837
226952
227046
227141
227244
227354
227480
227642
227834
228045
228274
228522
228783
229051
229329
229619
229917
230215
230513
230811
231110
231408
231713
232031
232362
232695
233025
233358
233702
234059
234421
234778
235125
235464
235802
236142
236488
236838
237180
237523
237872
238218
238555
238888
239230
239580
239929
240275
240625
240988
241367
241760
242158
242567
242990
243424
243866
244313
244765
245218
245672
246132
246600
247078
247564
248056
248552
249047
249541
250039
250548
251069
251601
252134
252660
253187
253722
254267
254816
255366
255921
256485
257057
257630
258200
258775
259361
259951
260541
261133
261731
262335
262942
263549
264160
264770
265382
266006
266636
267267
267891
268510
269137
269775
270420
271058
271697
272337
272972
273610
274252
274900
275548
276194
276837
277489
278154
278822
279484
280137
280792
281456
282132
282816
283492
284152
284813
285479
286154
286841
287528
288214
288902
289591
290290
291001
291715
292420
293112
293815
294541
295278
296013
296737
297458
298192
298935
299685
300438
301192
301954
302726
303509
304294
305083
305876
306684
307499
308311
309130
309963
310797
311623
312457
313312
314190
315071
315932
316780
317640
318531
319447
320357
321242
322128
323041
323970
324897
325812
326731
327673
328616
329539
330473
331434
332402
333360
334305
335244
336192
337157
338132
339100
340051
340998
341965
342936
343896
344854
345816
346781
347745
348704
349667
350634
351597
352552
353509
354464
355419
356384
357344
358291
359230
360169
361126
362087
363020
363940
364868
365806
366750
367697
368634
369551
370469
371399
372329
373260
374189
375115
376036
376946
377856
378775
379701
380627
381548
382451
383345
384248
385160
386077
386988
387890
388783
389675
390571
391467
392364
393261
394156
395041
395921
396810
397714
398615
399495
400357
401228
402117
403006
403877
404740
405626
406519
407388
408240
409090
409958
410848
411735
412590
413419
414259
415117
415985
416833
417672
418523
419381
420242
421089
421918
422729
423540
424376
425235
426082
426895
427702
428531
429364
430179
430988
431796
432613
433437
434251
435045
435825
436617
437433
438241
439030
439815
440609
441407
442200
442986
443761
444533
445304
446081
446858
447624
448379
449137
449905
450669
451422
452168
452917
453676
454430
455166
455895
456634
457379
458124
458861
459580
460298
461022
461743
462463
463181
463893
464596
465298
466007
466712
467399
468081
468767
469463
470155
470830
471509
472191
472868
473538
474204
474873
475541
476203
476858
477509
478157
478805
479454
480105
480754
481389
482018
482645
483268
483890
484512
485132
485749
486356
486963
487574
488183
488783
489374
489965
490558
491149
491739
492328
492906
493474
494035
494597
495163
495729
496291
496849
497404
497954
498501
499037
499567
500100
500631
501160
501682
502197
502708
503225
503738
504241
504741
505239
505740
506238
506720
507194
507658
508118
508584
509053
509519
509970
510414
510873
511330
511764
512181
512599
513033
513477
513899
514297
514696
515100
515500
515896
516286
516670
517054
517434
517805
518172
518534
518895
519249
519598
519943
520279
520611
520941
521263
521582
521900
522214
522522
522823
523118
523406
523691
523978
524262
524538
524803
525060
525315
525572
525829
526073
526306
526534
526760
526984
527208
527426
527633
527836
528035
528230
528418
528601
528778
528951
529123
529288
529442
529592
529740
529886
530027
530157
530281
530402
530519
530631
530735
530834
530928
531016
531098
531177
531253
531326
531391
531446
531495
531544
531589
531627
531656
531681
531702
531717
531725
531727
531725
531718
531705
531686
531662
531634
531601
531561
531514
531462
531406
531344
531276
531201
531121
531036
530946
530851
530749
530643
530530
530412
530288
530158
530023
529882
529736
529583
529424
529259
529090
528916
528736
528549
528355
528158
527957
527748
527531
527307
527080
526849
526612
526368
526116
525858
525599
525334
525058
524776
524492
524204
523905
523599
523292
522981
522660
522330
521999
521664
521325
520977
520617
520252
519890
519525
519145
518754
518363
517969
517566
517159
516748
516329
515904
515473
515037
514595
514149
513692
513231
512769
512294
511808
511324
510847
510363
509857
509340
508828
508318
507797
507260
506718
506177
505634
505082
504519
503954
503393
502822
502236
501646
501055
500460
499853
499238
498623
498000
497364
496727
496100
495469
494814
494146
493486
492822
492141
491456
490777
490091
489398
488701
487996
487283
486566
485841
485117
484389
483642
482894
482151
481402
480641
479870
479095
478318
477541
476751
475947
475152
474363
473557
472732
471904
471091
470269
469422
468580
467752
466910
466041
465170
464315
463453
462563
461670
460794
459914
459014
458111
457210
456297
455378
454460
453540
452608
451662
450723
449789
448845
447889
446926
445965
445005
444035
443051
442067
441093
440115
439105
438088
437099
436111
435094
434063
433044
432025
430995
429969
428941
427896
426839
425793
424760
423705
422624
421550
420494
419429
418346
417264
416193
415110
414007
412919
411856
410760
409619
408509
407436
406315
405165
404076
402994
401824
400649
399575
398473
397250
396088
395051
393906
392633
391509
390500
389284
387960
386896
385888
384587
383286
382289
381196
379805
378644
377702
376404
374998
374032
373006
371491
370265
369494
368156
366517
365719
364915
363068
361710
361417
360031
357836
357372
357129
354615
352841
353580
352289
348765
348761
349992
346261
343206
346062
345451
338992
339486
344201
338288
331981
339084
340646
327885
328651
341258
331220
317128
333018
340488
313760
313995
344863
326365
294312
329057
351487
292803
291001
365072
326038
254899
331886
390982
256083
252930
434627
332444
190834
365407
508463
191481
198156
676777
370230
182474
417891
978481
170394
255680
992205
1.11769e+06
218184
306827
1.39746e+06
1.15546e+06
363484
432442
1.57266e+06
1.40509e+06
310421
673673
1.19753e+06
1.74789e+06
174823
866063
741743
2.52121e+06
423296
1.49006e+06
193173
4.91358e+06
2.35792e+06
1.12646e+06
4.4559e+06
558460
5.29824e+06
4.19862e+06
195638
5.15072e+06
1.01086e+06
6.97328e+06
8.22782e+06
2.69604e+06
524459
3.4145e+06
330049
5.64947e+06
3.5777e+06
333484
5.82276e+06
1.23204e+06
5.07025e+06
6.94818e+06
2.42205e+06
407500
2.34949e+06
191948
4.84324e+06
1.82313e+06
2.04568e+06
4.52283e+06
564516
4.62725e+06
3.48708e+06
213167
4.53219e+06
520962
9.18674e+06
7.3193e+06
600515
6.64322e+06
6.49973e+06
691519
6.5388e+06
6.04419e+06
719502
4.51466e+06
3.22188e+06
475795
6.42213e+06
3.02353e+06
540369
4.92742e+06
884161
4.86927e+06
5.03069e+06
649690
3.52791e+06
1.79874e+06
1.82747e+06
4.57343e+06
1.57415e+06
641856
1.25971e+06
643400
1.95005e+06
232610
1.67494e+06
213448
4.60585e+06
1.43554e+06
3.15771e+06
4.69302e+06
420760
5.34126e+06
3.24634e+06
570846
6.08871e+06
1.5924e+06
3.04216e+06
5.24047e+06
1.62025e+06
826118
1.68427e+06
396058
2.24363e+06
295733
2.82833e+06
408246
6.62861e+06
4.07348e+06
447310
8.5262e+06
3.56176e+06
933105
7.96817e+06
4.79914e+06
297316
5.64506e+06
2.23195e+06
2.32911e+06
6.39401e+06
3.14495e+06
213028
3.22806e+06
238818
8.49542e+06
4.17337e+06
1.19742e+06
1.198e+07
8.02238e+06
990016
6.05564e+06
6.6291e+06
1.36305e+06
2.59931e+06
3.59971e+06
246768
4.43159e+06
1.53098e+06
3.5197e+06
5.97177e+06
1.15892e+06
2.65203e+06
3.2013e+06
294769
3.3895e+06
544673
6.98923e+06
4.95481e+06
222879
9.85312e+06
4.00617e+06
1.53364e+06
1.10554e+07
8.42827e+06
2.18832e+06
1.58063e+06
4.9421e+06
1.07901e+06
2.30553e+06
2.53383e+06
217433
2.97182e+06
242199
7.3846e+06
3.02705e+06
2.63005e+06
1.12474e+07
6.95327e+06
841058
4.99877e+06
4.59127e+06
328054
6.01494e+06
2.48823e+06
2.09213e+06
6.52491e+06
3.23901e+06
220979
4.17908e+06
510812
7.83309e+06
5.3371e+06
230393
1.19612e+07
6.08851e+06
361261
1.57301e+07
1.07574e+07
836236
8.82677e+06
1.61957e+07
1.16558e+07
4.19476e+06
304132
7.15222e+06
2.51471e+06
2.85544e+06
9.30919e+06
4.78627e+06
263662
6.04063e+06
2.2147e+06
3.78099e+06
9.85227e+06
5.04853e+06
316676
5.96345e+06
2.42722e+06
2.98005e+06
9.53661e+06
5.12571e+06
352705
5.65223e+06
2.49285e+06
2.35217e+06
8.71995e+06
4.459e+06
234480
5.30732e+06
1.53158e+06
5.71718e+06
9.50162e+06
3.70419e+06
273760
4.81972e+06
1.06928e+06
6.02412e+06
7.16821e+06
1.2638e+06
3.03339e+06
3.81233e+06
422669
4.47474e+06
1.77269e+06
2.50232e+06
4.7265e+06
1.22825e+06
1.72534e+06
2.6641e+06
214805
2.16081e+06
222088
7.71888e+06
1.75229e+06
7.10997e+06
1.09666e+07
5.94069e+06
629707
5.02014e+06
4.69771e+06
332281
4.78062e+06
1.96918e+06
2.73844e+06
7.64235e+06
3.4241e+06
215188
3.15829e+06
368861
9.29663e+06
4.68243e+06
971835
1.1382e+07
7.96369e+06
1.17846e+06
5.05932e+06
7.66571e+06
2.36741e+06
694723
2.92073e+06
447486
4.16315e+06
2.06577e+06
1.44016e+06
3.80133e+06
834337
2.57685e+06
2.51241e+06
252274
1.85898e+06
227038
5.34612e+06
747729
7.7457e+06
6.60327e+06
579225
8.56035e+06
7.63314e+06
867152
5.61349e+06
5.27285e+06
468031
7.81156e+06
4.82812e+06
317223
8.89969e+06
3.8079e+06
1.40808e+06
1.32725e+07
9.59742e+06
2.02399e+06
2.20731e+06
5.00766e+06
1.58351e+06
1.1906e+06
3.46353e+06
591964
1.78466e+06
644020
3.25548e+06
2.72891e+06
266882
2.24689e+06
194188
7.11434e+06
1.32929e+06
8.2339e+06
1.03405e+07
4.25022e+06
226446
8.95865e+06
4.65428e+06
259594
7.79464e+06
3.25281e+06
1.65067e+06
1.16967e+07
8.37626e+06
1.74639e+06
1.85297e+06
3.53115e+06
549242
3.6564e+06
2.56192e+06
417247
2.54539e+06
245907
6.53617e+06
2.05735e+06
3.72817e+06
7.4058e+06
3.45066e+06
189614
6.89111e+06
1.98256e+06
3.19977e+06
6.43509e+06
2.6396e+06
369341
5.52963e+06
1.58118e+06
2.0247e+06
3.26824e+06
364272
4.80005e+06
2.42575e+06
1.07081e+06
3.92442e+06
951907
2.63161e+06
3.67348e+06
380942
2.0243e+06
392616
6.26799e+06
3.83927e+06
391382
5.57002e+06
1.77226e+06
2.82625e+06
7.71117e+06
3.67248e+06
184756
2.41983e+06
217066
1.07246e+07
4.39472e+06
1.77486e+06
1.24717e+07
1.01235e+07
3.40756e+06
633695
9.19311e+06
5.50657e+06
334722
4.72222e+06
2.53097e+06
1.03802e+06
8.0795e+06
4.71271e+06
279359
3.52195e+06
1.11746e+06
4.19098e+06
6.93374e+06
2.24519e+06
374374
1.46652e+06
255498
4.22623e+06
1.004e+06
2.37658e+06
2.14425e+06
322151
5.21198e+06
1.54646e+06
1.63672e+06
2.56941e+06
167568
5.64589e+06
1.82831e+06
2.66416e+06
5.06668e+06
1.4592e+06
1.48792e+06
4.52375e+06
1.41846e+06
470571
525623
1.50152e+06
1.8804e+06
139765
507971
1.11752e+06
2.38126e+06
262649
836502
260257
4.296e+06
1.12819e+06
1.76636e+06
1.76299e+06
362631
4.52812e+06
1.42981e+06
1.04635e+06
1.43973e+06
362237
3.76837e+06
1.06463e+06
1.08722e+06
856215
1.2881e+06
2.92114e+06
507722
738688
127289
4.29596e+06
1.1712e+06
2.42847e+06
2.79967e+06
128481
6.94805e+06
2.6343e+06
1.63875e+06
5.83703e+06
2.61686e+06
301850
7.07321e+06
2.97412e+06
493435
3.69168e+06
754500
4.19655e+06
5.61477e+06
1.21415e+06
861086
822079
1.10172e+06
2.88833e+06
611342
525007
115736
3.541e+06
1.02872e+06
1.63513e+06
1.50419e+06
504904
4.41906e+06
1.69849e+06
349905
669189
1.0248e+06
2.69507e+06
547134
466248
141653
3.28821e+06
986030
1.09048e+06
811822
1.33485e+06
3.26119e+06
788074
390520
95566.6
3.22679e+06
1.05652e+06
1.24619e+06
1.15997e+06
704842
3.83426e+06
1.42864e+06
215966
213332
2.29464e+06
1.72872e+06
158551
490784
1.18259e+06
2.62369e+06
476631
396769
198351
3.10034e+06
1.00609e+06
580592
324957
2.44214e+06
2.41747e+06
92543.1
725044
419191
4.20009e+06
1.72402e+06
202721
479138
1.24266e+06
2.66103e+06
524615
312466
197835
2.80923e+06
944990
406634
145294
2.78787e+06
1.98283e+06
96952.1
609938
762965
3.30815e+06
1.1759e+06
134127
72133.3
2.40957e+06
1.37669e+06
208672
295449
1.81995e+06
2.31212e+06
170572
416810
460186
3.23357e+06
1.19137e+06
157698
92654
2.35252e+06
1.70401e+06
70715.8
325484
1.32241e+06
2.58413e+06
478893
243130
238529
2.66961e+06
1.00142e+06
169128
55884.8
2.54993e+06
1.56564e+06
105518
321089
1.39871e+06
2.55738e+06
461606
217888
249190
2.61712e+06
1.02876e+06
112577
43769.3
2.36848e+06
1.52351e+06
64176.9
218859
1.54457e+06
2.36864e+06
323303
223700
358368
2.64816e+06
1.00861e+06
77589.6
34132.2
2.249e+06
1.44181e+06
44151.9
140143
1.59125e+06
2.1915e+06
261289
179483
448584
2.48486e+06
928437
46909.3
43921.6
1.97567e+06
1.29529e+06
26489.2
38456.7
1.65552e+06
1.75369e+06
116334
108055
808697
2.18037e+06
637046
34927.2
188949
1.80354e+06
960438
27520.5
53459.5
1.47446e+06
1.24271e+06
96811.1
19769.5
1.12347e+06
1.49326e+06
242339
17792.3
710411
1.57019e+06
467521
18986.2
390109
1.44964e+06
701608
56795.5
192503
1.18462e+06
944244
181842
109325
818269
1.07947e+06
391632
119446
502687
1.02794e+06
609319
196637
323245
843995
767892
338342
266235
618941
802263
499410
299372
462831
731530
617561
381521
392800
614731
662773
480732
394001
516122
640041
557192
435979
464378
583999
591425
491890
456494
529759
585675
536779
476792
498393
558740
557945
506891
491806
530591
556702
531460
502064
513809
543377
542928
518057
510494
529221
542233
530762
516281
521161
535334
536166
524708
520242
528462
535262
530831
523738
525047
531581
532914
528028
525254
528399
531936
530660
527312
527183
529957
531125
529282
527640
528553
530256
530134
528663
528173
529162
529905
529328
528432
528487
529168
529310
528719
528273
528476
528809
528655
528192
527993
528148
528223
527974
527645
527538
527582
527498
527234
526990
526893
526832
526658
526400
526191
526065
525929
525717
525475
525270
525097
524901
524663
524420
524198
523984
523749
523491
523230
522982
522731
522466
522189
521915
521644
521368
521081
520788
520491
520183
519873
519560
519244
518919
518587
518249
517910
517573
517233
516879
516513
516150
515791
515422
515047
514668
514288
513901
513508
513111
512713
512310
511899
511481
511058
510633
510205
509774
509338
508896
508451
507997
507544
507097
506643
506168
505676
505195
504727
504247
503751
503251
502756
502264
501763
501252
500741
500221
499691
499165
498641
498104
497563
497027
496490
495952
495404
494841
494276
493713
493139
492561
491989
491417
490842
490261
489668
489068
488466
487869
487273
486679
486077
485464
484845
484224
483597
482969
482339
481708
481072
480433
479790
479137
478474
477819
477177
476528
475860
475181
474506
473835
473164
472489
471809
471119
470431
469749
469055
468355
467652
466948
466246
465537
464834
464126
463401
462673
461951
461231
460509
459771
459027
458299
457579
456843
456093
455335
454587
453849
453099
452339
451575
450813
450051
449281
448519
447760
446986
446211
445446
444671
443877
443084
442303
441526
440735
439940
439155
438369
437573
436766
435959
435152
434343
433539
432730
431914
431095
430280
429470
428668
427869
427056
426218
425377
424543
423715
422890
422055
421210
420368
419536
418704
417859
417005
416159
415327
414494
413642
412787
411938
411096
410257
409395
408523
407667
406825
405973
405112
404251
403389
402531
401666
400795
399930
399059
398182
397305
396435
395578
394727
393867
392988
392091
391196
390321
389455
388590
387712
386825
385942
385066
384184
383299
382420
381548
380674
379787
378891
377996
377111
376236
375369
374491
373601
372706
371811
370925
370044
369165
368280
367391
366494
365591
364701
363828
362941
362044
361159
360272
359391
358510
357619
356729
355848
354972
354086
353185
352281
351395
350526
349644
348749
347871
347000
346110
345213
344328
343448
342561
341668
340776
339895
339029
338172
337302
336413
335532
334660
333783
332902
332025
331154
330284
329415
328540
327655
326782
325917
325044
324172
323311
322458
321592
320705
319825
318975
318139
317285
316415
315554
314706
313856
312996
312128
311269
310425
309587
308747
307899
307048
306212
305380
304533
303685
302849
302013
301175
300341
299514
298695
297866
297028
296203
295393
294581
293755
292928
292112
291300
290487
289675
288870
288066
287257
286451
285649
284854
284062
283273
282482
281687
280898
280120
279342
278564
277780
276992
276215
275457
274697
273928
273157
272391
271639
270897
270145
269377
268615
267867
267131
266398
265655
264899
264150
263419
262698
261969
261231
260499
259783
259067
258344
257621
256905
256202
255496
254779
254071
253369
252668
251971
251284
250602
249912
249217
248534
247866
247198
246524
245862
245225
244643
244247
244287
244867
245697
246288
246379
246147
245810
245382
244818
244169
243552
242977
242366
241716
241086
240484
239870
239223
238576
237957
237347
236726
236099
235489
234898
234303
233700
233115
232559
232013
231460
230903
230365
229852
229349
228843
228339
227853
227390
226935
226483
226038
225604
225181
224763
224351
223943
223547
223166
222794
222426
222068
221724
221392
221070
220759
220465
220185
219916
219656
219404
219161
218925
218695
218468
218244
218027
217817
217609
217407
217216
217031
216851
216676
216510
216350
216197
216051
215912
215779
215649
215526
215408
215297
215191
215089
214992
214902
214817
214735
214660
214590
214527
214470
214417
214370
214331
214298
214269
214246
214230
214220
214216
214218
214228
214244
214266
214296
214332
214375
214424
214478
214539
214607
214678
214752
214831
214915
215004
215097
215195
215301
215416
215537
215664
215800
215947
216098
216252
216412
216584
216764
216948
217136
217330
217536
217750
217966
218187
218414
218651
218893
219141
219394
219651
219911
220177
220446
220720
220998
221285
221578
221876
222177
222482
222794
223115
223438
223763
224093
224427
224766
225109
225458
225812
226165
226514
226866
227234
227611
227984
228352
228731
229118
229499
229879
230271
230669
231065
231458
231852
232257
232674
233095
233511
233922
234342
234779
235220
235652
236088
236541
237005
237463
237909
238362
238838
239321
239793
240270
240767
241272
241772
242270
242771
243278
243798
244330
244864
245395
245925
246462
247020
247587
248143
248703
249271
249845
250428
251017
251610
252204
252800
253408
254031
254666
255298
255915
256536
257181
257845
258502
259145
259796
260468
261149
261810
262458
263135
263840
264533
265202
265880
266599
267328
268032
268721
269430
270158
270881
271600
272323
273062
273807
274544
275275
276018
276777
277531
278281
279039
279800
280560
281323
282100
282890
283685
284480
285273
286071
286878
287689
288505
289322
290140
290968
291794
292629
293481
294332
295177
296028
296892
297761
298618
299462
300320
301207
302101
302977
303845
304736
305639
306523
307401
308290
309184
310072
310963
311867
312781
313691
314591
315491
316407
317322
318222
319125
320046
320981
321915
322839
323754
324679
325614
326549
327480
328413
329353
330291
331226
332160
333100
334047
334998
335947
336880
337809
338758
339721
340675
341620
342571
343524
344475
345433
346395
347353
348305
349254
350206
351174
352134
353078
354024
354980
355950
356928
357903
358864
359810
360751
361711
362692
363673
364635
365577
366523
367478
368439
369402
370363
371316
372267
373233
374190
375134
376093
377059
378013
378960
379910
380869
381829
382786
383728
384652
385593
386555
387505
388435
389364
390303
391250
392200
393147
394079
395001
395921
396844
397783
398732
399666
400581
401505
402436
403355
404267
405180
406099
407025
407944
408853
409757
410658
411571
412480
413360
414241
415147
416070
416975
417850
418721
419612
420518
421416
422293
423175
424068
424952
425808
426657
427530
428413
429285
430137
430969
431821
432706
433578
434415
435235
436068
436929
437792
438632
439451
440280
441129
441974
442798
443607
444419
445237
446042
446837
447641
448461
449281
450073
450850
451634
452428
453229
454022
454805
455586
456370
457144
457909
458678
459442
460195
460951
461719
462475
463215
463952
464694
465439
466177
466916
467661
468400
469127
469843
470556
471275
471991
472689
473382
474088
474800
475501
476190
476883
477581
478269
478936
479596
480267
480938
481603
482259
482907
483555
484204
484857
485507
486143
486768
487392
488028
488660
489282
489892
490493
491101
491712
492316
492915
493503
494085
494667
495247
495822
496394
496962
497528
498087
498643
499198
499743
500284
500821
501352
501880
502406
502928
503444
503960
504474
504981
505486
505989
506481
506962
507441
507922
508391
508861
509342
509815
510274
510713
511147
511598
512055
512496
512924
513351
513776
514193
514610
515025
515434
515839
516240
516640
517033
517418
517804
518186
518558
518924
519290
519653
520008
520356
520701
521044
521383
521717
522043
522362
522683
523002
523308
523605
523902
524197
524491
524778
525052
525322
525591
525855
526117
526374
526622
526866
527107
527341
527565
527785
528006
528219
528425
528626
528826
529022
529207
529386
529566
529741
529906
530059
530208
530360
530507
530646
530774
530897
531022
531143
531254
531354
531450
531548
531640
531724
531799
531870
531937
531995
532047
532095
532137
532174
532204
532232
532255
532271
532279
532281
532278
532269
532254
532233
532206
532174
532135
532090
532040
531986
531926
531858
531785
531706
531622
531532
531435
531334
531226
531113
530993
530868
530736
530598
530453
530303
530148
529986
529818
529644
529465
529279
529087
528888
528684
528475
528258
528035
527808
527575
527334
527086
526834
526576
526310
526038
525761
525480
525192
524894
524591
524286
523974
523650
523319
522988
522652
522308
521957
521603
521243
520874
520495
520113
519729
519339
518934
518525
518119
517705
517276
516841
516405
515965
515519
515065
514604
514141
513674
513189
512695
512212
511732
511230
510707
510186
509672
509154
508619
508072
507524
506977
506425
505863
505290
504715
504139
503551
502949
502346
501748
501136
500510
499893
499278
498645
497996
497350
496706
496049
495381
494708
494041
493369
492679
491977
491283
490589
489878
489160
488447
487736
487010
486270
485532
484797
484058
483306
482555
481809
481052
480282
479509
478734
477951
477173
476391
475590
474784
473988
473188
472381
471578
470763
469934
469103
468272
467431
466585
465751
464921
464070
463202
462341
461491
460626
459744
458868
457999
457124
456235
455339
454455
453577
452677
451762
450856
449957
449049
448131
447213
446299
445378
444441
443499
442565
441625
440682
439744
438805
437861
436896
435920
434962
434018
433062
432089
431115
430146
429171
428176
427186
426218
425241
424234
423214
422230
421262
420258
419228
418205
417213
416230
415211
414170
413152
412149
411123
410078
409040
408026
407005
405954
404910
403889
402860
401809
400743
399687
398643
397591
396529
395463
394409
393355
392274
391166
390030
388822
387444
385822
383964
381905
379715
377492
375341
373316
371431
369723
368215
366840
365535
364321
363203
362118
361017
359919
358854
357791
356689
355599
354566
353498
352367
351284
350270
349199
348072
347009
345979
344879
343763
342719
341672
340557
339454
338419
337365
336240
335149
334145
333077
331912
330824
329819
328729
327575
326527
325521
324389
323226
322198
321176
320020
318897
317900
316830
315644
314565
313574
312442
311259
310247
309237
308012
306840
305900
304817
303520
302471
301579
300338
299034
298175
297238
295794
294629
293978
292807
291246
290472
289837
288212
286879
286654
285578
283514
282979
283020
280888
279040
279815
279029
275688
275585
277183
273795
270783
274000
273561
266996
268428
273609
266230
261093
271070
269616
254927
262838
275614
254665
248549
278214
265365
233268
267514
290138
226647
237047
323275
242712
198790
338510
312595
183792
288317
492115
187932
186093
844606
282157
665389
354865
1.93182e+06
250325
1.97562e+06
191685
5.72165e+06
2.45071e+06
1.7847e+06
6.41575e+06
1.75339e+06
1.89556e+06
4.29598e+06
1.32758e+06
801673
1.019e+06
995363
1.69335e+06
199762
1.10598e+06
503577
2.46391e+06
356511
2.46473e+06
350423
6.41349e+06
3.74644e+06
580697
7.829e+06
2.9338e+06
1.28581e+06
6.82296e+06
3.88947e+06
246287
3.86616e+06
682688
6.77316e+06
5.87196e+06
501636
6.00386e+06
3.71283e+06
548018
7.72269e+06
4.09938e+06
262854
6.86025e+06
2.0582e+06
3.20712e+06
7.19463e+06
3.68166e+06
252064
3.34757e+06
526687
6.70374e+06
4.81206e+06
211231
8.75756e+06
2.88917e+06
3.19431e+06
1.02472e+07
7.54256e+06
2.23199e+06
808686
3.12734e+06
269041
4.45687e+06
1.71121e+06
2.84915e+06
5.70549e+06
1.15491e+06
2.57049e+06
3.14895e+06
294849
3.0839e+06
399588
7.78704e+06
4.6284e+06
490708
1.09116e+07
6.00132e+06
203900
1.25666e+07
6.43213e+06
441238
4.96534e+06
1.44448e+07
1.61909e+07
1.13216e+07
4.02674e+06
370442
7.28819e+06
4.00886e+06
221013
4.73227e+06
3.63204e+06
233390
3.72085e+06
1.70751e+06
1.33168e+06
3.16397e+06
323345
2.87026e+06
1.36447e+06
1.40375e+06
2.38333e+06
219066
2.62447e+06
513803
3.66128e+06
1.89062e+06
1.52567e+06
3.84326e+06
910422
1.85674e+06
1.50152e+06
844919
1.90746e+06
214907
2.15121e+06
214714
4.50116e+06
1.31304e+06
4.41266e+06
6.18289e+06
1.01494e+06
3.25545e+06
3.28817e+06
227783
4.35633e+06
745569
6.94352e+06
5.92871e+06
450414
7.56058e+06
5.06436e+06
230726
9.40314e+06
4.33539e+06
1.26946e+06
1.39052e+07
9.65768e+06
1.63105e+06
4.25128e+06
6.92948e+06
2.63003e+06
437121
3.84688e+06
539006
4.61385e+06
2.71484e+06
882590
6.23289e+06
2.00064e+06
1.46277e+06
3.66271e+06
784268
2.33707e+06
1.74823e+06
758356
2.04448e+06
216652
2.96937e+06
268579
7.00785e+06
2.70917e+06
3.34932e+06
1.15596e+07
7.27205e+06
1.12469e+06
3.40443e+06
3.77689e+06
321760
5.0895e+06
1.51434e+06
4.19349e+06
6.10225e+06
1.72289e+06
1.37023e+06
3.53532e+06
467208
2.68591e+06
958081
3.41523e+06
3.82229e+06
237091
3.91368e+06
766293
8.37124e+06
7.66914e+06
727898
7.12169e+06
5.99823e+06
425901
8.91244e+06
6.16042e+06
210593
1.11783e+07
4.69861e+06
1.52209e+06
2.04235e+07
2.01573e+07
1.1066e+07
2.09462e+06
3.61905e+06
7.7123e+06
3.83505e+06
218760
5.38941e+06
1.84842e+06
2.44124e+06
4.76695e+06
1.24611e+06
1.7615e+06
2.86362e+06
238967
2.19691e+06
242097
8.38981e+06
2.29727e+06
5.66523e+06
1.12618e+07
7.32489e+06
1.61735e+06
2.4412e+06
5.0685e+06
1.1549e+06
1.43654e+06
1.44071e+06
554614
2.46367e+06
297689
2.0932e+06
365018
6.22942e+06
2.80074e+06
1.73763e+06
6.33676e+06
2.98315e+06
284402
5.53443e+06
1.11519e+06
4.50827e+06
4.83816e+06
538552
5.86004e+06
3.85083e+06
351481
5.55671e+06
1.63173e+06
3.67578e+06
7.70975e+06
3.02174e+06
259158
2.41206e+06
204991
7.51255e+06
2.03795e+06
5.01396e+06
9.12786e+06
4.81022e+06
333753
6.57205e+06
3.88427e+06
363418
5.81969e+06
1.87006e+06
3.01643e+06
7.9914e+06
3.78665e+06
193880
2.90553e+06
308059
1.0985e+07
5.55864e+06
709318
1.38474e+07
9.78091e+06
1.48956e+06
4.90486e+06
1.14049e+07
7.29723e+06
1.58851e+06
1.38024e+06
2.34029e+06
184997
4.63638e+06
835737
6.12945e+06
5.52208e+06
428360
9.17495e+06
6.14442e+06
172598
1.05078e+07
4.00548e+06
2.27156e+06
2.08308e+07
2.03217e+07
1.17084e+07
2.82299e+06
1.63731e+06
6.52597e+06
3.16393e+06
233116
6.36172e+06
2.29234e+06
1.43577e+06
4.21648e+06
1.04971e+06
2.33706e+06
3.62151e+06
446004
1.7602e+06
362342
5.64218e+06
3.17022e+06
642756
4.76773e+06
1.44147e+06
2.36337e+06
5.48988e+06
1.75814e+06
483861
960715
683749
2.4079e+06
350429
1.15532e+06
163355
5.46761e+06
1.24646e+06
4.39043e+06
5.30145e+06
889919
4.01532e+06
5.03097e+06
728615
1.97402e+06
1.04252e+06
1.89624e+06
3.75817e+06
713725
1.04392e+06
321957
3.70023e+06
1.97248e+06
859144
2.28591e+06
165029
5.51169e+06
1.66443e+06
3.05024e+06
5.01453e+06
1.2138e+06
2.16958e+06
4.47613e+06
1.08305e+06
748872
466006
2.16656e+06
1.9473e+06
194256
715008
901434
2.61665e+06
417656
868459
148800
4.58431e+06
1.16682e+06
2.75511e+06
3.06609e+06
149870
7.18003e+06
2.6899e+06
1.86329e+06
6.38932e+06
3.08859e+06
180181
7.80757e+06
2.85248e+06
1.38147e+06
5.89292e+06
2.65418e+06
350014
7.08315e+06
3.02506e+06
461552
3.597e+06
657228
4.90578e+06
5.548e+06
807401
1.87705e+06
1.17039e+06
1.35047e+06
4.09312e+06
1.26442e+06
377103
255287
2.51574e+06
1.48206e+06
537171
825240
892749
2.7655e+06
562744
588435
124848
3.71688e+06
1.05518e+06
1.69856e+06
1.58233e+06
472770
4.51432e+06
1.6937e+06
430945
799604
853317
2.87442e+06
684038
470101
108696
3.35218e+06
1.02417e+06
1.39806e+06
1.19821e+06
800051
3.87156e+06
1.35725e+06
276157
206914
2.51026e+06
1.56444e+06
351201
618993
1.15159e+06
2.65989e+06
484195
443555
193839
3.20466e+06
976359
769683
444370
2.23653e+06
2.67803e+06
182103
749295
254948
4.45696e+06
1.7072e+06
468712
978999
537888
3.54334e+06
1.29969e+06
237719
166367
2.48133e+06
1.67494e+06
191731
486481
1.25048e+06
2.63978e+06
478070
350112
232873
2.94313e+06
943560
453961
160128
2.93433e+06
2.0219e+06
124773
709873
673844
3.49162e+06
1.30705e+06
139204
99180
2.35809e+06
1.53129e+06
153001
318141
1.65529e+06
2.34828e+06
218422
378196
473023
3.06171e+06
1.03312e+06
200781
64489.3
2.68589e+06
1.43451e+06
239732
374978
1.5562e+06
2.54607e+06
370012
299369
323675
2.85305e+06
1.00275e+06
190410
56351.3
2.65952e+06
1.50928e+06
159715
339578
1.49917e+06
2.54502e+06
404375
250529
316968
2.7144e+06
972007
144916
43521.6
2.54665e+06
1.4306e+06
124000
237547
1.7192e+06
2.35562e+06
246808
275753
449487
2.80877e+06
1.01043e+06
91503.6
36816.6
2.31902e+06
1.40372e+06
61122.5
136310
1.73278e+06
2.1341e+06
183516
211346
595566
2.56436e+06
865137
58823.9
66930
2.0271e+06
1.18827e+06
28805.3
28757.1
1.86475e+06
1.53353e+06
37845.4
85091.5
1.33863e+06
2.07238e+06
320013
91760.6
463671
2.14415e+06
790231
26699.7
114414
1.74119e+06
1.05638e+06
33379.4
36212.5
1.45741e+06
1.33044e+06
106863
18888.8
1.11578e+06
1.55896e+06
250182
19277
701515
1.62849e+06
486682
17724.7
391392
1.49014e+06
698684
48751
205872
1.23931e+06
920988
154029
118547
903920
1.06857e+06
336079
113614
589734
1.05681e+06
540229
169369
389997
924893
707053
277660
293846
723226
789036
421828
289710
547458
768803
551802
341183
442912
686228
632226
421779
404567
586903
651645
504058
416369
512493
624704
561845
454668
475033
577816
586196
500435
470168
534657
581211
536621
486044
508683
560517
555053
509719
501241
537844
556418
530284
507258
522523
547445
541784
519148
517127
535998
543760
530147
519518
527765
539630
536431
525485
524742
533860
537542
531072
525909
529679
535348
534073
528891
528211
532334
534310
531500
528847
530238
532903
532617
530223
529541
531216
532298
531191
529783
530077
531233
531283
530203
529612
530133
530655
530247
529482
529340
529725
529786
529284
528823
528835
528987
528795
528347
528073
528071
528021
527724
527359
527162
527079
526896
526569
526265
526083
525921
525662
525337
525054
524835
524600
524300
523977
523687
523422
523134
522810
522484
522181
521885
521560
521209
520865
520540
520208
519853
519486
519127
518772
518409
518033
517652
517272
516885
516485
516077
515667
515262
514858
514444
514015
513580
513152
512721
512283
511842
511391
510934
510477
510017
509553
509082
508599
508109
507624
507134
506637
506143
505643
505129
504605
504090
503581
503058
502520
501983
501453
500919
500371
499814
499264
498711
498149
497586
497016
496437
495855
495271
494681
494093
493509
492920
492308
491686
491074
490471
489870
489253
488622
487989
487353
486711
486071
485435
484792
484141
483488
482833
482175
481507
480828
480152
479490
478821
478136
477448
476764
476081
475393
474696
473992
473287
472582
471872
471158
470445
469733
469017
468293
467564
466830
466088
465339
464593
463854
463118
462371
461612
460853
460093
459338
458580
457808
457028
456252
455476
454695
453907
453118
452331
451536
450735
449939
449147
448348
447530
446705
445890
445081
444261
443423
442577
441732
440893
440057
439217
438366
437504
436639
435770
434903
434037
433160
432275
431383
430491
429602
428703
427790
426870
425959
425059
424130
423182
422246
421314
420369
419417
418471
417529
416569
415582
414589
413613
412636
411640
410638
409636
408640
407648
406632
405597
404559
403525
402507
401495
400461
399395
398324
397262
396194
395124
394064
393004
391935
390854
389755
388657
387582
386513
385420
384312
383214
382120
381017
379907
378798
377686
376579
375484
374382
373272
372169
371068
369964
368856
367749
366646
365544
364441
363334
362237
361159
360073
358972
357886
356808
355716
354629
353544
352463
351401
350349
349293
348228
347161
346101
345054
344020
342991
341952
340906
339870
338854
337840
336807
335786
334782
333779
332767
331754
330757
329774
328793
327802
326810
325834
324874
323918
322958
321984
321002
320039
319111
318190
317252
316299
315345
314402
313470
312544
311618
310692
309770
308859
307949
307033
306114
305201
304305
303413
302512
301611
300713
299821
298944
298070
297188
296294
295409
294551
293688
292805
291935
291079
290213
289339
288479
287638
286801
285949
285090
284244
283407
282570
281737
280911
280090
279275
278494
277840
277535
277823
278647
279641
280364
280626
280527
280197
279672
278974
278201
277441
276704
275943
275156
274389
273636
272874
272115
271371
270638
269903
269167
268447
267753
267066
266376
265690
265015
264351
263679
262990
262295
261604
260921
260245
259568
258894
258218
257528
256829
256132
255443
254754
254070
253392
252717
252044
251375
250711
250055
249410
248767
248120
247478
246853
246237
245616
245002
244403
243801
243193
242595
242012
241433
240849
240272
239705
239135
238562
237994
237442
236898
236345
235796
235275
234767
234252
233738
233254
232813
232401
232007
231657
231357
231071
230767
230449
230136
229810
229463
229105
228741
228376
228009
227632
227251
226879
226512
226141
225770
225404
225042
224685
224336
223992
223644
223299
222963
222631
222301
221972
221642
221314
220996
220689
220391
220105
219833
219576
219330
219091
218852
218610
218358
218101
217846
217589
217329
217069
216810
216550
216293
216038
215787
215543
215298
215044
214784
214529
214280
214034
213786
213539
213298
213065
212837
212612
212389
212174
211965
211760
211557
211359
211168
210981
210800
210625
210460
210306
210157
210014
209881
209757
209640
209531
209430
209339
