-99082.8
798188
-1.7813e+06
2.21517e+06
-1.83961e+06
-470451
4.5727e+06
-8.85699e+06
9.81687e+06
-3.15041e+06
-1.33385e+07
2.52369e+07
-1.13985e+07
-2.82911e+07
2.94417e+07
2.07639e+07
-3.71895e+07
-1.50167e+07
5.52728e+07
1.51351e+07
-6.63011e+07
-5.63741e+07
3.61071e+07
5.86851e+07
2.71453e+07
-5.57852e+07
-5.77694e+07
1.47865e+07
5.44548e+07
3.16124e+07
-4.41079e+07
-4.83136e+07
1.67585e+07
4.88821e+07
5.92811e+06
-6.54985e+07
-3.7653e+07
7.70811e+07
7.57629e+07
-2.64084e+06
-6.45217e+07
-7.11871e+07
-3.36326e+06
7.8836e+07
6.70301e+07
-1.31697e+07
-5.1448e+07
-5.48949e+07
8.50571e+06
5.90912e+07
2.9289e+07
-5.28369e+07
-5.69475e+07
1.17637e+07
5.39098e+07
3.26494e+07
-4.12678e+07
-4.67563e+07
1.57549e+07
4.67813e+07
5.75979e+06
-6.19441e+07
-3.0043e+07
8.49099e+07
7.50399e+07
-7.15338e+06
-5.1775e+07
-6.20073e+07
-8.9552e+06
9.31391e+07
6.45313e+07
-3.36448e+07
-6.08309e+07
-6.33436e+07
3.1487e+06
6.32792e+07
4.92646e+07
-2.54744e+07
-4.96499e+07
-2.061e+07
7.2571e+07
5.0932e+07
-3.58831e+07
-5.7478e+07
-3.56071e+07
6.13468e+07
5.96093e+07
-1.42568e+07
-5.82275e+07
-4.48942e+07
4.68459e+07
5.65906e+07
-7.64267e+06
-7.61284e+07
-4.17426e+07
9.31699e+07
9.50247e+07
3.48736e+06
-1.03788e+08
-1.20973e+08
-9.43774e+07
-3.77737e+06
3.92496e+07
6.27013e+07
7.36933e+07
5.46093e+07
-2.94897e+07
-5.50682e+07
-4.06855e+07
4.62831e+07
5.20884e+07
-1.65066e+07
-6.4159e+07
-1.00197e+07
1.02777e+08
7.73053e+07
-1.89259e+07
-5.3157e+07
-6.67587e+07
-3.91007e+07
6.08477e+07
6.62526e+07
1.80386e+06
-8.29435e+07
-7.5859e+07
2.09095e+07
5.48766e+07
5.84242e+07
1.10481e+07
-7.04383e+07
-6.15511e+07
3.34418e+07
5.76819e+07
4.48144e+07
-2.5615e+07
-4.79761e+07
-2.08143e+06
7.0687e+07
3.37504e+07
-5.80735e+07
-6.96432e+07
-7.22948e+06
8.00958e+07
7.04143e+07
-8.04038e+06
-5.77067e+07
-6.34688e+07
25846.9
5.72662e+07
5.02536e+07
-1.96163e+07
-5.36089e+07
-1.32706e+07
8.89006e+07
6.17862e+07
-3.13134e+07
-5.92471e+07
-6.07549e+07
6.14455e+06
5.00139e+07
4.22709e+07
-2.35215e+07
-4.60935e+07
4.22874e+06
4.87011e+07
2.39247e+07
-4.4418e+07
-4.02461e+07
3.58599e+07
4.41841e+07
-9.02879e+06
-5.63996e+07
-6.96767e+06
7.38297e+07
5.41342e+07
-2.59852e+07
-5.34911e+07
-4.20571e+07
4.35854e+07
5.13772e+07
-2.06751e+06
-6.48528e+07
-3.27805e+07
9.16669e+07
8.59848e+07
2.7085e+06
-6.98664e+07
-8.40347e+07
-3.56139e+07
9.7619e+07
1.01457e+08
3.43147e+07
-9.99631e+07
-1.18734e+08
-1.04183e+08
-2.69343e+07
2.58733e+07
5.19269e+07
6.78185e+07
6.82012e+07
6.69218e+06
-8.42627e+07
-8.03658e+07
1.00241e+07
4.78587e+07
5.69467e+07
3.80391e+07
-3.311e+07
-4.77998e+07
2.82511e+06
4.74519e+07
2.8742e+07
-3.66713e+07
-3.77537e+07
2.96715e+07
3.78572e+07
-8.42357e+06
-4.90981e+07
2.20804e+06
4.75796e+07
3.07687e+07
-3.3772e+07
-3.81612e+07
2.46764e+07
3.58011e+07
-2.99084e+06
-4.64559e+07
1.91867e+06
4.66382e+07
2.72516e+07
-3.66859e+07
-3.63352e+07
3.25529e+07
3.82199e+07
-1.07419e+07
-4.82679e+07
2.35845e+06
4.48572e+07
2.93888e+07
-3.25656e+07
-3.40366e+07
3.20094e+07
3.5557e+07
-1.54718e+07
-4.32319e+07
1.23438e+07
3.66307e+07
1.42992e+07
-3.92244e+07
-1.00891e+07
5.23396e+07
3.17857e+07
-3.63128e+07
-4.52649e+07
1.10695e+07
3.72964e+07
2.02744e+07
-3.46451e+07
-1.45329e+07
5.01143e+07
3.10875e+07
-3.55118e+07
-4.34832e+07
1.43971e+07
3.61226e+07
1.61118e+07
-3.69849e+07
-9.68866e+06
4.8592e+07
2.85771e+07
-3.64014e+07
-4.10197e+07
2.18275e+07
3.63488e+07
9.00241e+06
-4.22791e+07
-7.33487e+06
4.89268e+07
3.23874e+07
-3.19662e+07
-4.10979e+07
1.57677e+07
3.4242e+07
1.22636e+07
-3.80216e+07
-4.81089e+06
4.13698e+07
2.3452e+07
-3.5505e+07
-2.80029e+07
4.19953e+07
3.81443e+07
-2.02693e+07
-4.44865e+07
5.55041e+06
3.6143e+07
2.27595e+07
-2.91813e+07
-1.98125e+07
4.09367e+07
3.03393e+07
-2.90463e+07
-3.44713e+07
2.91709e+07
3.4118e+07
-6.26141e+06
-4.34446e+07
4.42822e+06
3.58247e+07
2.15189e+07
-2.97034e+07
-1.91176e+07
4.06191e+07
3.03921e+07
-2.74332e+07
-3.51349e+07
2.60253e+07
3.30174e+07
-1.71944e+06
-4.18596e+07
3.43723e+06
3.48075e+07
2.03126e+07
-2.94235e+07
-1.79637e+07
3.95866e+07
2.94768e+07
-2.64686e+07
-3.42011e+07
2.51604e+07
3.2028e+07
-878085
-4.05988e+07
4.63865e+06
3.27816e+07
1.78254e+07
-2.91121e+07
-1.46968e+07
3.40658e+07
2.51822e+07
-2.41444e+07
-2.76156e+07
2.8342e+07
2.94097e+07
-9.57587e+06
-3.72777e+07
1.19451e+07
2.9137e+07
1.05089e+07
-3.08437e+07
-4.71975e+06
2.77711e+07
1.69618e+07
-2.41118e+07
-1.40859e+07
2.58667e+07
2.02607e+07
-1.78138e+07
-2.22169e+07
2.49898e+07
2.40194e+07
-1.15383e+07
-2.97886e+07
1.65665e+07
2.50949e+07
1.39163e+06
-3.02839e+07
4.76078e+06
2.3589e+07
9.28426e+06
-2.43785e+07
-3.67095e+06
2.02081e+07
1.15589e+07
-1.70411e+07
-1.11048e+07
1.56633e+07
1.37678e+07
-8.52232e+06
-1.6016e+07
9.46689e+06
1.41753e+07
-1.43015e+06
-1.57202e+07
2.39392e+06
1.25151e+07
3.4645e+06
-1.17948e+07
-3.73749e+06
9.30121e+06
6.31022e+06
-6.31258e+06
-7.1956e+06
4.79673e+06
6.94062e+06
-1.47163e+06
-7.08103e+06
435375
5.80535e+06
1.68969e+06
-4.89594e+06
-2.44784e+06
3.62865e+06
3.09604e+06
-2.17681e+06
-3.3643e+06
1.18101e+06
3.04866e+06
-14698.3
-2.75706e+06
-632772
2.12924e+06
1.16698e+06
-1.516e+06
-1.43691e+06
906733
1.43336e+06
-338136
-1.36282e+06
-91045.4
1.09164e+06
396223
-833202
-594211
513280
631135
-252250
-631418
9341.14
509336
136344
-403610
-255478
240532
271226
-129218
-284491
1480.44
219325
55379.5
-179315
-119536
93679.8
114847
-52784.3
-126609
-13103.5
85468.1
26648.3
-74056.9
-60297.9
26856.9
46000.5
-17954.1
-55768.6
-16825.6
27784.1
12334.3
-29098.9
-31341.2
1578.56
15499.3
-5675.61
-24402.5
-14029.2
5031.29
3984.1
-11412
-16209.1
-5471.94
2627.78
-2666.68
-10882.1
-9594.21
-2379.62
-430.464
-5162.08
-8334.66
-5596.78
-1781.36
-2303.11
-5291.5
-5855.46
-3498.86
-1931.18
-2937.43
-4378.29
-3954.67
-2460.23
-1971.78
-2717.99
-3221.15
-2641.81
-1821.68
-1731.92
-2128.56
-2151.44
-1625.86
-1197.3
-1211.9
-1340.47
-1215.46
-855.065
-609.871
-571.55
-551.957
-350.18
-79.8709
60.5757
113.287
236.162
436.921
612.163
727.377
860.485
1052.21
1191.15
1296.21
1419.13
1595.56
1840.36
1962.57
1962.97
2120.93
2330.66
2541.59
2612.87
2789.35
2983.1
3102.8
3225.05
3293.08
3470.73
3664.33
3817.98
3922.42
3991.02
4222.95
4419.26
4504.6
4661.18
4854.87
4973.34
5026.7
5187.2
5375.77
5569.5
5624.1
5747.6
6006.45
6128.7
6252.19
6375.74
6535
6728.69
6885.51
6935.03
6948.65
7177.87
7439.16
7493.9
7686.29
7913.2
7930.75
8084.94
8174.1
8402.21
8558.84
8647.87
8735.65
8995.73
9189.47
9280.99
9362.41
9484.71
9535.51
9759.6
9916.23
10039.7
10161.9
10356.9
10512.4
10600.2
10759.4
10916.1
11077.9
11303.4
11391.2
11473.9
11556.5
11644
11869.5
11952.4
12108.8
12196.5
12281.8
12510
12812
12971.2
12985.1
13073.1
13160.6
13600.6
13407.8
13564.5
13856.2
14081.5
14166.7
14037.8
14059.1
14567.6
14936
14886.1
14828.5
14699.4
14856
15425.7
15303.8
15453
15686.2
15771.4
15864.3
15959.7
16460.8
16541.1
16281.7
16155.1
16873.2
17165.2
17257.8
16914.1
16795.1
17372.8
17874
17757.7
17635.9
17792.4
18155.7
18442.6
18249.6
18123.2
18560.4
18714.5
18804.6
18968.5
19125.2
19276.9
19285.6
19436.9
19598.9
19686.4
19776.5
20068.3
20151.1
20450.6
20193.5
20414
20846.3
20923.9
20728.1
20744.1
20974.6
21480.7
21361.7
21365.4
21516.8
21739.8
21903.8
21999
22010.1
22439.9
22382
22464.6
22271.6
22566.1
23003.4
23159.9
23109.5
23200
23206.3
23505.5
23733.3
23739.1
24036.1
23914.5
23925.8
24217.6
24514.4
24525.3
24546.6
24420.2
24859.6
25013.4
25019.9
25179.1
25179.5
25338.8
25492.4
25656.4
25963.8
25975.1
25981.2
26135
26283.9
26437.9
26306.1
26327.2
26486.2
26925.9
27217.8
27228.7
26964
27118
27404.9
27982.6
27850.6
27172.7
27622.5
28195.2
28614.3
28620.2
28641.3
28096.2
27536
27985.5
29118.8
30114.7
29416.7
28157
28454.2
29618.1
30313.4
29640.2
29242.6
29387.4
29944.9
30649.7
30691.1
30155.5
29615
30453.6
31286.3
30878.5
30618.4
30486.9
30906.3
31361.2
30953.6
30837
31680.1
32533.1
31717.8
31305.1
31443.4
32020.5
32311.8
32466.2
32191.5
32075.3
31953.4
32949
33088
32690.3
32711.5
33293.9
33569.9
33713.8
33015.3
32751.1
33042.6
33900.6
34192.4
34080.6
33535.2
34102.3
34389
33966.7
34405.9
34294
34576.1
34581.9
34878.9
35037.5
34788
35089.8
35509.1
35637.8
35510.7
35092.2
34961
35268
36120.5
36151.5
36443.4
36153.6
36021.7
36037.8
36063.7
35798.8
36504.2
37627.8
37072.1
36679.6
36272.1
37124.6
37548.8
37269
36999.3
37723.9
37163.5
37460.5
37467
37763.7
37927.3
37809.9
38091.3
38515.9
38644.9
38257.3
37849.4
37987.5
38835.7
39423.3
38745
38470.7
38884.8
39017.4
38767.8
38926.6
39493.9
40061.3
39791.5
39240.7
38832.8
39124.3
40252.7
40962.9
39988.8
39448.2
39592.2
40439.9
40736
40334
40058.8
40488
41198.2
40923.9
40659.2
40537
40965.7
41118.7
41533
41390.7
40973
40708.5
41005.4
41291.7
42031.2
42042.5
42043.6
42329.8
41922.2
41504.1
41928
42351.8
42342.5
42225.6
41828.2
41982
42696.8
43263.9
42973.3
42555.3
42285.1
42720.2
43036.8
43603.3
43038.1
43033.9
43044.1
43059.6
43346.1
43637.6
43510.4
43663.7
43679.6
44088.7
43666.4
43696.6
44120.3
43834.9
43702.4
44254.7
44137.6
43867.5
44454.9
44598.8
44604.7
44462.6
44477.6
44773.3
44789.8
44780.3
44924.2
44654.2
45230.5
44945.5
44813.5
45251.6
45247.3
45534
45687.8
45275.1
45009.5
45157.9
45719.5
46000.4
45848.2
44736.4
45613.8
46451.7
46748.7
45646.5
45228.2
46351.3
47326.9
46622.5
45500.1
44953.8
46357.8
47485.6
46797.1
45690.2
45681.2
46809.4
47523.5
46982.7
46003.6
46265.2
46980
47428.9
47020.8
46746.5
47297.7
47583.7
47185.7
46762.6
47039
47457.6
47748.2
47049.4
47621.2
47499.8
47219.6
47796.8
48077.6
48077.7
47516.5
47379.4
47379.8
48523
48395.8
47707.8
47703.6
47984.6
48413.1
48576.3
48301.6
48705.5
48303.3
47614.8
48752.5
49880.2
49182.6
47652.6
48219.9
49491.4
50501.5
49108.8
48120
48534.4
50668
50270.2
48750.3
48751.6
50712.6
51290.2
49249.1
49694.3
51354.2
51921.6
50258.6
49444.1
51139.2
52425.9
51630.7
50815.6
51634.9
53043.8
51686.8
51178.1
53140.4
54296
52653.2
51572.7
53535
55506.5
53874.1
52804.3
54205
56186.5
55105.3
53474
55171.9
57133.4
56347.9
55002.4
55576.8
57549.4
58151.7
57100.8
55980.7
57637.6
58209.3
58005.2
56904.7
58315.8
59460.3
59237.5
58135.8
59546.9
59844.5
59028
58783.7
60173.6
61307.8
58816.2
59091.3
60714.9
59837
57323.9
57586.7
60065.7
59738.9
57788.1
56694.1
58613.1
60287.3
59490.2
57562
58124.3
59493.9
59778.6
58981.6
58420.7
59238.5
60065.2
58686.6
58421.9
59555.3
60106.1
59247.3
58379.8
58083.3
58918.7
58886.5
57753
57986.3
57963.4
57083.9
57062.5
56469
56447.9
56434.9
56687
56094
55776.4
55458.8
54875.8
55434.3
55402.5
54534.1
54226.1
54776.5
53927.7
54457.1
54721.3
53260
52093.3
50843.8
49836.8
47388
43158.1
38855
34718.9
30325.6
30038.6
30375.8
31487.8
31529.5
34322.7
38245.5
39612.6
41290.4
42589.1
44315.8
44416.2
44802.8
45585.3
46377.6
46141.6
45878.6
45578.6
45247.3
45073.7
44521.9
45552.6
46262.3
46856.2
46026
45624.9
46068.9
46794.8
47372.4
46959.5
46092
45044.8
44420.2
44392.3
44205.6
44882
44155.3
43445.1
43831.4
43809.9
43067.6
42045.1
42297.9
42837.1
42820.4
42406.5
41966.8
42543.4
43274.2
44185.6
44519.5
44440.8
45352.8
45667.3
46272.1
46156.5
46327.4
46318.6
46069.9
45927.6
46229.3
46521.7
46807.5
46966.7
46976.8
46983
46412.3
46417.6
46417.6
47137.4
47290.8
47719.6
47004.9
46587.1
46582
47000.3
47138.1
46990.3
46857.2
47004.3
47295.6
47301.3
47011.1
46577.1
47148.3
47132.2
46999.5
46856
46713.1
46973.4
46830.1
46830
46538.3
46675.6
46108.5
46378.9
46786.4
46500.3
46499.8
45493.3
45631.1
45901.2
46164.6
45995.1
45285.3
45692.8
44977.5
44940.5
44801.5
44928.8
44912.9
44626.4
44334.3
44038
44731.5
44720.9
44582
43866.7
43565.1
43701.6
43956.2
44226
44220.4
43214.4
42785.3
42916.9
42905.8
43165.5
43435.5
42878.8
43026.1
42734.8
42730.1
43143.6
43275.6
42989.1
42294.8
41861.4
42714.2
43116.9
43115.7
42696.5
41987.2
42263.7
42529.5
42539
42686.5
42416.1
42421.8
42560.4
42836.2
42841.4
42723.8
42729
42724.4
43291.3
42868
42745.6
43016.5
43286.5
42736.3
42450.1
42888.9
43450.5
43874.5
43302.8
42337.9
42194.7
42735.7
43705.9
43844
43027.2
42057
42755.6
43296.7
43286.7
42857.7
42296.1
42713.3
43269.6
42407.4
41860.6
42696.4
43109.3
42808.2
42379
41822.6
41801.8
42071.1
42488.8
42334.8
41895.8
41186.2
41466
42010.9
41428.8
41152.4
41136.1
41114.9
41093.6
40801.7
40647.4
40768.6
40619.8
40308.1
40021.4
40158.3
39718.6
39982.5
39961
39510.7
39070.6
38931.6
38890
39577.9
38867
38003.4
37982.5
38252.3
38220.1
38361.5
38197.2
37619.9
37037.8
37454.4
37433.5
37274.1
37273.4
36976.7
36955.6
36520.7
36228.9
36340
36477.1
36465.7
36306.3
35999.8
35283.7
35405
35522.1
35654.1
35514.5
35227.4
34920.6
34608.9
34721.1
34571.3
34575
34421.2
34395.5
34113.4
33831.7
33672.9
34060.5
34177.1
33752.3
33051.7
32759.8
33285
33401.8
33120.2
32414.7
32541.1
33352.1
32647.1
32079.6
31777.6
31766.3
32449.1
32565.9
32126.3
30992.5
30848.9
31271.4
31510.9
31494.5
30513.5
30920.4
30899.4
31021.2
30867
30289.5
29864.9
29414.7
29684.5
30357.3
30478.5
29646.1
28935.6
29190.1
29739.9
29147.4
28870.6
28711.5
28685.6
28950.4
28800.8
28376.1
27803.6
27634.8
28175.3
28444.7
27739
27447.3
27436.4
27696
27394
27377.4
26947.9
26789
26629.4
26613.3
26740.1
26448.4
26151.5
25859.4
26123.9
26108
25800.8
25519.1
25375.4
25491.9
25608.7
25173.9
24744.1
24722.8
24992.5
24833.1
24827
24397.8
23952.9
24217.7
24058.2
23909.4
23893
23731
23439.3
23280.2
23263.9
23385.5
22955.7
22587.4
22566
22621.5
22819.5
22321.2
22032
22294
22060.8
21909.3
21681.2
21598.6
21659.2
21434
21277.1
21038.9
20966.6
20809.9
20793.7
20706.1
20761.2
20469.5
20106.1
20082.5
19920.9
19774.2
19767.8
19608.9
19585.4
19354.9
19062.9
19194.4
19109.5
18952.8
18661.3
18504.7
18483.5
18467.1
18254.2
18306.9
18073.7
17779.5
17548.9
17389.9
17452.8
17436.5
17287.1
17136
17040.7
16878.9
16719.8
16641.9
16207.3
16257.9
16175.2
16089.9
15935.9
15710.6
15554
15468.7
15587.5
15224.2
15070.2
14982.3
14891.9
14944.3
14642.3
14268.8
14188.7
13822.9
13880.4
13933
13842.9
13691.3
13185.3
13316.6
13576.1
13126.1
12617.5
12402.1
12528.3
12861.5
12699.7
11979.5
11748.5
11874.9
11784.6
11625.5
11476.5
11317.2
11163.1
11141.7
10913.5
10722.4
10598.9
10476.6
10390
10127.4
10105.9
9845.94
9652.17
9598.82
9440.88
9214.06
9200.16
9077.91
8921.19
8725.01
8565.98
8409.26
8182.3
8205.27
8114.86
7958.23
7723.93
7465.17
7308.45
7291.87
7274.24
7112.39
6746.57
6584.82
6497.04
6342.76
6323.87
6241.13
5978.4
5748.99
5695.77
5536.51
5379.75
5221.77
5063.8
4905.78
4816.62
4727.45
4463.57
4274.95
4150.81
4096.83
3992.35
3764.81
3535.42
3430.33
3306.74
3200.32
2972.73
2830.75
2706.58
2531.96
2373.94
2214.72
2129.98
2024.96
1902.69
1639.5
1426.73
1356.71
1268.13
1128.54
899.13
723.575
626.774
493.271
300.502
115.359
-0.237986
-123.828
-280.565
-455.129
-613.437
-736.395
-855.347
-1018.46
-1212.02
-1366.19
-1493.79
-1625.46
-1790.83
-1976.85
-2123.39
-2255.56
-2391.52
-2555.38
-2705.06
-2849.07
-3007.57
-3159.39
-3311.52
-3466.2
-3624.06
-3769.36
-3919.58
-4073.96
-4242.23
-4400.58
-4540.72
-4681.21
-4804.46
-4989.27
-5174.09
-5306.3
-5412.07
-5562.78
-5757.48
-5986.96
-6074.21
-6197.87
-6338.73
-6514.56
-6692.33
-6884.2
-6973.32
-7081.64
-7290.12
-7519.62
-7627.2
-7697.26
-7889.71
-8154.27
-8243.45
-8315.43
-8491.96
-8755.91
-8878.81
-8948.85
-9089.03
-9212.53
-9512.23
-9707.3
-9796.52
-9744.01
-10008
-10338.3
-10465.7
-10487.1
-10681
-10871
-10961.4
-11118.1
-11310.6
-11468.7
-11594.7
-11756.7
-11913.4
-12033.4
-12334.3
-12322.4
-12484.3
-12849.2
-12967.8
-12915
-12865.1
-13267
-13670.1
-13765.4
-13614.7
-13807.5
-14135.5
-14399.3
-14457.4
-14475.2
-14630.9
-14892.2
-15121.6
-15069.1
-15123.8
-15526.8
-15720.6
-15776.6
-15864.4
-16026.4
-16395.2
-16414.2
-16504.3
-16798.9
-17029.6
-16974.7
-16853.4
-17224.8
-17733.4
-17754.7
-17636
-18002
-18299.4
-18244.4
-18268.4
-18565.3
-18650.4
-18809.9
-19038.2
-19200.2
-19283
-19587.5
-19394.6
-19834.8
-20129.3
-20007.9
-20100.9
-20331.6
-20623.6
-20777.9
-20873.3
-20966.2
-21046.8
-21484.2
-21645.7
-21320.3
-21615.1
-21975.8
-22351.6
-22233
-21969
-22682
-22910
-22650.8
-22601
-23245.1
-23618.7
-23430.9
-23235.9
-23814
-24255.9
-24062.7
-23865
-24302.8
-24671.5
-24554.9
-24721.5
-25082.6
-25086.6
-25174.3
-25284.7
-25719.6
-25869
-25671.3
-25832.8
-26137.5
-26365.6
-26519.8
-26462.4
-26629.3
-26928.9
-27225.8
-27097.1
-27049.9
-27351.7
-28281.3
-27733.8
-27469.7
-27899.7
-28548.9
-28516.2
-28320.8
-28674.3
-28828.5
-28712.2
-29019.2
-29449.2
-29603
-29201
-29360.6
-30086.1
-30393.3
-29981.5
-29987.5
-30432.1
-30729.3
-30608
-30486.1
-31191.3
-31351
-30811.3
-30689.1
-32098.6
-32401.1
-31177.1
-31326.6
-33006.8
-32461.7
-31099.7
-32381.3
-34333.1
-32685.4
-31047.3
-33855.7
-35368.6
-31918.7
-31249.8
-35850
-35851.5
-30875.6
-32004.6
-38283.5
-35956.8
-29425.1
-34148.8
-39875.6
-34371.4
-29361.7
-37931.2
-40068.7
-30019.4
-32485.1
-42857.8
-36563.6
-27341.9
-38878.6
-45114
-28792.6
-28928.5
-49556.1
-40238.6
-19086.5
-40680.4
-57747.6
-22998.6
-18480.5
-63851.9
-49107
734.553
-40898.1
-85370.7
-13369.7
10256
-91082.9
-76157.7
44359.4
-28462.5
-148489
-3281
83419.8
-139571
-148776
136153
18950.3
-287688
-764.574
255892
-225861
-328884
327623
154227
-598067
-29848.8
664214
-391600
-770109
746647
510670
-1.31256e+06
-146871
1.64179e+06
-754813
-1.83739e+06
1.71818e+06
1.38835e+06
-3.03022e+06
-455427
4.04907e+06
-1.74978e+06
-4.37643e+06
4.16721e+06
3.36143e+06
-7.36433e+06
-1.03965e+06
1.02294e+07
-5.31689e+06
-1.01731e+07
1.07302e+07
7.02327e+06
-1.77335e+07
-4.25001e+06
2.63194e+07
-1.17783e+07
-2.53339e+07
1.25436e+07
2.98973e+07
-2.68756e+07
-2.90725e+07
2.39992e+07
2.87239e+07
-3.46348e+07
-3.23625e+07
2.97247e+07
3.25293e+07
-3.64317e+07
-3.69448e+07
2.50278e+07
4.09475e+07
-2.92192e+07
-3.89083e+07
1.28067e+07
5.07646e+07
-1.80881e+07
-4.48771e+07
-1.4761e+07
6.03053e+07
1.64243e+07
-7.16813e+07
-6.73613e+07
1.99195e+07
6.8463e+07
4.03305e+07
-6.11558e+07
-7.0202e+07
-9.26015e+06
9.00801e+07
6.47842e+07
-4.44733e+07
-6.66592e+07
-6.16775e+07
1.40623e+07
6.64192e+07
2.94477e+07
-7.05928e+07
-7.46913e+07
2.68107e+06
8.45159e+07
6.48753e+07
-3.4512e+07
-5.8211e+07
-5.4198e+07
1.78313e+07
6.19581e+07
4.92195e+06
-7.38713e+07
-6.43332e+07
2.80126e+07
6.45651e+07
3.77289e+07
-5.98642e+07
-6.68503e+07
3.05482e+06
8.64509e+07
4.58529e+07
-7.79502e+07
-9.20465e+07
-5.40747e+07
5.60024e+07
7.8189e+07
5.02361e+07
-5.88751e+07
-7.4461e+07
-4.24178e+07
6.3184e+07
7.20159e+07
-359190
-6.9198e+07
-6.97346e+07
9.26761e+06
7.46864e+07
5.1068e+07
-4.82756e+07
-6.45748e+07
-3.37952e+07
6.55156e+07
6.22803e+07
-1.82414e+07
-4.91514e+07
-4.27684e+07
2.89711e+07
4.60562e+07
-2.011e+07
-4.36538e+07
-1.17404e+06
6.26703e+07
384591
-7.52964e+07
-6.11536e+07
3.89196e+07
6.66102e+07
3.00095e+07
-7.16524e+07
-7.50745e+07
4.04794e+06
7.71212e+07
6.24223e+07
-2.67601e+07
-5.31327e+07
-4.59335e+07
2.88494e+07
4.94831e+07
-1.50782e+07
-5.13221e+07
-1.22368e+07
7.32243e+07
3.07281e+07
-7.96268e+07
-8.55221e+07
-8.19044e+06
8.39408e+07
8.21594e+07
2.27274e+06
-6.10397e+07
-7.148e+07
-2.38525e+07
8.17579e+07
7.31528e+07
-1.32282e+07
-5.05505e+07
-5.615e+07
4.01667e+06
8.03619e+07
1.65539e+07
-9.96253e+07
-1.01807e+08
-1.54436e+07
6.8759e+07
8.46155e+07
5.81932e+07
-4.87195e+07
-6.97427e+07
-5.42765e+07
3.85193e+07
6.0394e+07
1.05699e+07
-7.86514e+07
-6.73023e+07
3.35391e+07
6.55982e+07
4.79039e+07
-3.77289e+07
-5.42729e+07
-1.21696e+07
7.86078e+07
3.82922e+07
-7.54423e+07
-8.64148e+07
-1.80082e+07
1.03306e+08
9.75456e+07
1.0688e+07
-5.43768e+07
-7.38407e+07
-6.64161e+07
1.92107e+07
6.1277e+07
4.34583e+07
-3.89868e+07
-5.23122e+07
3.92997e+06
7.6143e+07
1.20032e+07
-9.96028e+07
-9.64771e+07
-564084
6.17855e+07
7.56888e+07
4.73093e+07
-5.46309e+07
-7.02677e+07
-2.63647e+07
8.45141e+07
7.53356e+07
-1.1582e+07
-5.2584e+07
-5.979e+07
218892
8.3514e+07
3.64442e+07
-8.17147e+07
-9.33567e+07
-2.44262e+07
1.03866e+08
1.05664e+08
1.21186e+07
-1.07827e+08
-1.26626e+08
-9.49401e+07
8.30747e+06
5.33969e+07
7.47819e+07
7.64917e+07
-3.21029e+06
-9.21011e+07
-8.68648e+07
9.36177e+06
6.13242e+07
6.89029e+07
1.22946e+07
-9.40738e+07
-8.73649e+07
1.38924e+07
6.09897e+07
6.89819e+07
1.70542e+07
-9.13407e+07
-8.74952e+07
8.33275e+06
5.98221e+07
6.84675e+07
2.01963e+07
-8.61701e+07
-8.44145e+07
6.80738e+06
6.03758e+07
6.66085e+07
5.33767e+06
-9.28363e+07
-7.97501e+07
3.17021e+07
6.66895e+07
6.74581e+07
-9.70643e+06
-8.3277e+07
-6.51231e+07
4.96295e+07
7.32715e+07
5.20801e+07
-3.82309e+07
-5.90263e+07
-2.76209e+07
7.69346e+07
6.26632e+07
-2.62089e+07
-5.58432e+07
-4.81947e+07
3.1972e+07
5.01175e+07
-7.53664e+06
-6.92931e+07
-1.23746e+07
1.13665e+08
8.37664e+07
-2.71574e+07
-6.05187e+07
-7.45231e+07
-4.80985e+07
5.27999e+07
6.63616e+07
1.71313e+07
-8.01055e+07
-7.74697e+07
1.34048e+07
5.74598e+07
5.9088e+07
-1.21667e+07
-7.65502e+07
-3.69162e+07
1.03063e+08
9.96886e+07
9.91284e+06
-6.81445e+07
-8.71007e+07
-6.87177e+07
3.44937e+07
6.40539e+07
5.67789e+07
-1.82967e+07
-5.60547e+07
-3.1835e+07
6.95497e+07
6.10554e+07
-2.1536e+07
-5.49847e+07
-4.30703e+07
4.41535e+07
5.18787e+07
-2.03741e+07
-6.09615e+07
448526
9.33612e+07
4.84869e+07
-6.82115e+07
-8.75002e+07
-5.60852e+07
6.82567e+07
8.38803e+07
4.97478e+07
-5.58234e+07
-7.54102e+07
-4.20669e+07
8.53708e+07
8.74093e+07
-2.4956e+06
-9.76138e+07
-1.0204e+08
-1.72497e+07
6.62347e+07
8.21722e+07
6.61418e+07
-2.1359e+07
-5.57327e+07
-5.46555e+07
1.84404e+07
5.09622e+07
2.15429e+07
-5.40275e+07
-4.196e+07
5.08804e+07
5.55211e+07
-1.96771e+07
-6.4573e+07
-8.67597e+06
1.12175e+08
7.43528e+07
-4.18872e+07
-7.18128e+07
-8.03548e+07
-2.11578e+07
8.40269e+07
8.31584e+07
-752134
-9.23165e+07
-9.63829e+07
-1.29493e+07
5.91387e+07
7.40735e+07
5.68834e+07
-2.72401e+07
-5.57922e+07
-3.8171e+07
5.71241e+07
5.70683e+07
-1.93653e+07
-6.0996e+07
-2.27683e+07
9.86713e+07
7.6555e+07
-2.05606e+07
-5.65451e+07
-6.70236e+07
-1.05233e+07
9.43074e+07
7.20274e+07
-2.14498e+07
-5.65642e+07
-6.38486e+07
-128006
7.39367e+07
5.40106e+07
-3.11566e+07
-5.68448e+07
-3.21855e+07
7.30784e+07
6.44254e+07
-1.79286e+07
-5.78813e+07
-5.12296e+07
3.45669e+07
5.22542e+07
1.14261e+07
-6.37647e+07
-4.00939e+07
7.7097e+07
7.58175e+07
-9.62688e+06
-7.76858e+07
-7.61438e+07
1.25773e+07
5.42576e+07
5.5459e+07
-5.59293e+06
-7.47464e+07
-2.95259e+07
1.19801e+08
1.07799e+08
1.4223e+07
-5.28288e+07
-7.77749e+07
-8.30879e+07
-1.3921e+07
6.76831e+07
7.26103e+07
2.37568e+07
-7.07559e+07
-7.85599e+07
-6.22769e+06
5.89133e+07
6.38536e+07
1.25599e+07
-7.34951e+07
-6.75866e+07
2.95794e+07
5.78277e+07
4.8712e+07
-2.44196e+07
-5.35442e+07
-1.45577e+06
6.81526e+07
4.05044e+07
-4.54635e+07
-6.01892e+07
-2.12346e+06
7.07471e+07
5.04866e+07
-3.22234e+07
-5.63522e+07
-1.93989e+07
8.73971e+07
6.55911e+07
-2.54624e+07
-5.83644e+07
-5.92212e+07
1.38974e+07
4.8888e+07
3.49879e+07
-3.32329e+07
-3.82041e+07
3.07559e+07
3.79164e+07
-1.93978e+07
-4.46971e+07
2.17262e+07
4.07488e+07
-192877
-5.42521e+07
-1.93234e+06
6.57458e+07
4.08218e+07
-4.09295e+07
-5.64346e+07
-1.1609e+06
6.14845e+07
4.29914e+07
-3.39598e+07
-5.18837e+07
902544
5.59589e+07
3.4211e+07
-4.04457e+07
-4.75404e+07
1.93792e+07
4.20461e+07
1.26057e+07
-4.89713e+07
-1.215e+07
7.43776e+07
4.73007e+07
-3.99045e+07
-6.13211e+07
-2.12784e+07
9.22269e+07
7.58528e+07
-1.18968e+07
-5.66446e+07
-6.76035e+07
-9.09242e+06
7.62693e+07
6.63731e+07
-1.52263e+07
-6.52086e+07
-5.823e+07
3.72707e+07
5.67958e+07
3.60587e+07
-3.71533e+07
-4.70333e+07
1.58804e+07
4.04177e+07
1.52651e+07
-4.485e+07
-1.10125e+07
6.38725e+07
3.8611e+07
-4.16967e+07
-5.61728e+07
-510600
5.26864e+07
4.01778e+07
-3.06015e+07
-4.53031e+07
1.55389e+07
3.89242e+07
1.26135e+07
-4.52679e+07
-7.015e+06
5.66278e+07
3.34522e+07
-4.11319e+07
-4.91386e+07
1.66531e+07
4.11268e+07
1.9568e+07
-4.12359e+07
-1.40916e+07
6.02324e+07
3.73898e+07
-3.95739e+07
-5.29957e+07
3.91912e+06
4.49842e+07
3.21537e+07
-3.23116e+07
-3.22324e+07
4.3431e+07
3.9113e+07
-2.62992e+07
-4.43564e+07
1.83328e+07
3.77784e+07
9.73349e+06
-4.55875e+07
-3.70475e+06
4.94304e+07
2.95113e+07
-3.88127e+07
-3.8567e+07
3.89944e+07
4.2718e+07
-1.11257e+07
-5.39404e+07
-2.35675e+06
5.02309e+07
3.86467e+07
-2.85969e+07
-4.40574e+07
1.82724e+07
3.70101e+07
1.1118e+07
-4.36177e+07
-3.20639e+06
4.51719e+07
2.62149e+07
-3.86535e+07
-3.03245e+07
4.57373e+07
4.17346e+07
-2.21448e+07
-4.91611e+07
6.34961e+06
3.98321e+07
2.572e+07
-3.18832e+07
-2.29019e+07
4.4636e+07
3.43975e+07
-3.0696e+07
-3.93006e+07
2.99888e+07
3.76152e+07
-3.08937e+06
-4.84537e+07
1.92984e+06
4.20533e+07
2.75345e+07
-3.22071e+07
-2.79252e+07
4.1035e+07
3.64459e+07
-2.28126e+07
-4.32217e+07
1.98773e+07
3.59935e+07
9.50695e+06
-4.27861e+07
-2.24524e+06
4.0069e+07
2.43332e+07
-3.4036e+07
-2.36277e+07
4.38493e+07
3.59224e+07
-2.57035e+07
-4.23633e+07
2.07497e+07
3.55176e+07
8.89019e+06
-4.21915e+07
-2.2689e+06
3.83499e+07
2.38345e+07
-3.17122e+07
-2.30773e+07
4.07236e+07
3.37073e+07
-2.42004e+07
-3.97828e+07
2.40165e+07
3.48795e+07
4.35159e+06
-4.31397e+07
868526
3.67708e+07
2.23677e+07
-3.03361e+07
-2.11095e+07
3.83498e+07
3.13311e+07
-2.35049e+07
-3.66538e+07
2.4859e+07
3.33014e+07
1.62451e+06
-4.16191e+07
3.02058e+06
3.37839e+07
1.94079e+07
-2.90324e+07
-1.6985e+07
3.21297e+07
2.59227e+07
-2.10938e+07
-2.92543e+07
2.71901e+07
2.97917e+07
-6.81198e+06
-3.81445e+07
1.07035e+07
2.94866e+07
1.14485e+07
-3.04906e+07
-6.1673e+06
2.65776e+07
1.74606e+07
-2.10426e+07
-1.72639e+07
2.26046e+07
2.08376e+07
-1.11679e+07
-2.5748e+07
1.74725e+07
2.29954e+07
-2.43557e+06
-2.85654e+07
9.29234e+06
2.23682e+07
4.68829e+06
-2.50681e+07
99670.9
1.98324e+07
9.5054e+06
-1.77653e+07
-9.01226e+06
1.50888e+07
1.26259e+07
-8.51896e+06
-1.47376e+07
8.18817e+06
1.32435e+07
-680403
-1.42219e+07
559979
1.13845e+07
4.4373e+06
-9.73934e+06
-5.41286e+06
7.49579e+06
6.87969e+06
-3.99379e+06
-7.63186e+06
2.53443e+06
6.74855e+06
507670
-6.3017e+06
-1.55854e+06
4.90844e+06
2.99816e+06
-3.40877e+06
-3.58643e+06
2.16871e+06
3.5819e+06
-602693
-3.45171e+06
-279398
2.81391e+06
1.1749e+06
-2.13622e+06
-1.62191e+06
1.38962e+06
1.78043e+06
-610659
-1.76573e+06
35598.1
1.4903e+06
453978
-1.16558e+06
-744079
764119
863591
-376615
-873887
49771.5
745502
198851
-582792
-361312
371874
421057
-179992
-424854
8317.59
354604
108766
-268997
-187425
158337
207208
-65339.5
-201528
-18394.4
158721
68231
-112150
-99833.3
55561.2
100709
-12158.4
-90556.1
-24451.4
64853
42840.5
-39202.2
-51025.8
12929.4
46645.9
6607.98
-36173.1
-18908.9
23190.5
25111.7
-8591.55
-22911.9
-462.006
20224.3
10065.3
-10672.7
-10260.9
7056.5
13838.9
2464.51
-7328.26
-1664.22
8759.65
8618.13
193.412
-2847.72
2893.97
7960.51
5672.42
731.113
856.428
5061.12
6925.75
4500.24
2217.1
3443.75
6049.3
6377.27
4567.92
3727.46
5024.29
6349.25
6198.09
5219.7
5241.03
6152.44
6720.51
6503.04
6113.21
6346.68
6949.17
7280.94
7128.63
7012.07
7305.39
7669.03
7789.94
7700.25
7823.56
8017.15
8311.89
8329.48
8597.2
8794.73
8844.53
8968.31
9130.1
9360.67
9517.3
9671.58
9685.38
9737.54
9928.69
10335.2
10495.4
10336
10485.2
10784.7
10873.7
11001
11086.4
11314.6
11473.7
11553.9
11641.7
11872.3
12031.5
12259.7
12347.5
12435.2
12586.9
12672.2
12902.8
12993
13155
13439.4
13251.6
13341.9
13641.4
14221.3
14370.3
13960.9
14053.7
14496.1
14793.1
14738.1
14752
14768.3
15207.9
15231.9
15378.7
15678.3
15837.3
15718.1
15874.6
16304.4
16175.5
16263
16348
16433.5
16799.5
17170.7
16990.2
17220.6
17510.2
17524.1
17461.2
17617.6
17707.9
17999.9
18235.4
18455.7
18403.1
18417
18499.8
18518.6
18881.8
19107.3
19205.1
19356.7
19510.9
19600.9
19688.6
19771.6
19997.3
20082.1
20241.2
20604.5
20758.6
20428.1
20449.4
20810.2
21313.9
21335
21353.6
21290.8
21518.9
21596.6
21822.1
22129
21862.1
22087.8
22448.4
22469.7
22697.5
22637.1
22791.2
23016.8
22757.7
23332.7
23555.8
23569.2
23518.8
23606.4
23760.8
24328
24206.2
23798.9
24095.9
24525.7
24822.4
24981.4
24574.2
24733.2
25163.2
25321.9
25485.7
25359.3
25651.2
25800.2
25520.4
25827.1
26261.8
26002.7
26019
26591.4
26888.1
26756.2
26491.9
26783.8
27212.8
27096.2
26974.8
27266.8
27558.9
27850.8
27734
28035.8
27898.9
28057.9
28211.7
28503.4
28514.5
28525.6
28394.1
28394.7
28420.9
29146.4
29595.9
29459.9
29465.3
29348.9
29497.9
29932.6
30092
29970
29832.6
30119.4
30548.8
30708
30311
30321.5
30475.1
31323.2
30778.2
31207.9
30657.7
31240.1
31822.5
31838.6
31283.1
31437.1
31861.5
32005.5
32016.2
32190.1
32068.4
32641.6
32499.3
32535.9
32970.8
32970.9
33129.8
32845
32713.5
32719.2
33301.5
33751
34338.2
33783.5
33647.2
33520.6
33806.7
34251.1
34399.7
34262.9
34273.3
34712.5
34580.8
34587.2
34455.7
34900
35196.1
35497.6
35355.5
35219.2
35087.8
34966.3
35818.6
35711.6
36284.2
35862.1
36010.4
35888.4
36052
36344.2
36472.7
36907.5
36928
36524.6
36255.6
37379.8
36972
36992.8
37269
36871.8
37438.5
37582.5
37593.2
37338.9
37487.2
38064.5
38494.4
38357.8
37817.7
37690.4
38685.8
38543.8
37992.9
38422.3
39137.6
39016
38756.3
38915.3
39334.1
39478
39483.7
39065.8
38938.3
38806
39802.3
40088.4
39543.1
39850.3
40004.5
40285.9
40010.7
40169.7
40180.6
40334.5
40763.8
41060.3
40376.9
40801.1
41072.5
40956.1
40696.2
40706.9
41687.2
42111
41565.7
40601.6
41020.3
41873.5
42150.1
41604.7
41641.3
41933.1
42495.4
42653.6
42245.9
41970.9
42104.4
42390.7
42829.7
42845.4
42147.5
42852.5
43291.9
43174.9
42910.2
43344.7
43335.9
43325.8
43208.3
43086.8
44072.2
43955
43527.5
43257.9
43972.8
44402.4
44280.6
44020.4
44316.8
44307.5
44594
44186.1
44758.7
44759.5
44917.9
44800.9
44796.1
44802.2
44946
45236.8
45538.6
45131.4
45136.8
45428
45428.6
46143.7
46144.4
45604.2
45196.1
46039.3
46182.4
46484.1
46214.4
45807.8
45818.7
46961.7
47258.2
46978.8
46556
46454.5
46614
47732.3
47875.8
47626
46933.1
47220
47930
48364.6
47829.1
47570
48275.7
48572.4
48721.8
48472.7
48080.6
49204.1
49491.8
49104.9
49564.2
49703.9
49716.1
49446.5
49901.2
50769.7
50934.6
50389.9
50121.1
50979.7
51429.2
50434.7
49683.5
45776.8
32025.8
3238.48
-21154.9
-21145.1
2450.12
27920.8
34368.3
38518.4
43834.2
52581
53361.2
49775.7
49740.6
54164.7
54650.5
52930.5
52410.3
55153.5
57061.7
56050.1
54833.7
55960.6
57218.4
57689.3
56184.5
56513.2
57769.9
58619
56638.9
55934.1
56494.9
58051.6
58047.2
56792.1
55775.7
56458.5
57426.9
57440.6
55868.6
55260.7
55794.3
56052.5
56046.3
55489.9
55500
55928.8
56051.2
56315.5
55488.1
54895.9
55445.8
55409.4
55117.8
54273.8
54072.4
53870.9
53092.5
51900.1
51134.6
51063.6
50564.1
50504.3
50051.7
49907.2
50177
50896.7
50641.7
50672.9
50664.1
51511.7
50960.2
50123.3
50378.7
50908.5
50622.4
49762.9
50313.7
49731.1
49424.6
49158.1
49402
49953.9
49391.6
49707.7
48850.4
49708
49963.5
49688.2
49454
50322.8
50589
50611.6
50356.2
50101.9
50377.7
51481.2
50635
49564.1
49564.1
52106.4
52393.3
50148.7
50201.2
52223.3
54513.1
53433.7
51783.2
52070.9
53173.7
53459.1
52346.1
51774.6
52008.6
52538.3
51679.6
50512.9
49590.9
49495.8
49716.4
49140.7
48567.3
49118
50262.4
50874.9
50376.5
50726.2
52433.7
52436.8
51651.7
51122.4
51981.1
53074.3
52821.2
52290
51739.6
52598.3
53721.7
52868.8
52598.5
52322.9
52732
53006.6
52735.7
52720.1
52571.7
51841.1
52100.6
51665.6
51501.3
51193.5
51324.7
51588.7
51567.3
51142.7
51004.2
50835.4
51253.3
51110
50686
50383.4
50495.8
50193.4
50202
49889.4
50143.9
49836.6
49121.2
48093.3
48934.4
49611.8
49473
48042.5
48016.6
48847.2
48417.3
47120.4
47501.8
48056.4
47615.7
47038.8
46456
46577.4
47137.8
47545
46972.3
46120.2
45686.4
46655.7
47211.5
46379.3
45541
46234.7
46918.4
46908.1
45637.3
44932.6
45758.6
47018.8
45891.3
45192.2
45916.7
46757.9
46175.9
45609.9
45462.1
45303.7
45594.1
46021.9
46170.1
45736.5
45307.7
45154.7
45449.8
46567.3
45735.7
45010.8
45566.1
45280.5
45561.3
45577
45571.8
45418
45142.6
45137.4
45571
45984
45963.5
45269.8
44295.3
45142
45978.7
46254
44998.7
44718.3
45264
46100
45538.7
44131.1
44253.1
45936.1
46073.2
44680
43838.3
45098.7
46501.4
45521.6
44261
44088
45342.7
45204
44647.1
44504.8
44632.3
45331
44769
44345.4
44064
44885.7
44874.2
44185.1
44297.1
44429.5
44159
44015.9
44153.8
44582.1
44729.7
44582.2
44449.9
44173.9
44454.3
44434.6
44435.1
44444.8
44184.3
44297.2
44439.9
43888
44720.1
44725.9
44311.8
44025.5
44434
44551.6
44423.7
43575.6
43299.9
44131.2
44815.5
44264.6
43416.1
43553.2
44522.8
43950.2
43097.7
43362.2
43484.6
43335.8
42916.6
43201.7
43477.3
43456.8
43022.4
42582.5
42724.8
43285.9
42427.7
42136.2
42411.6
42824.5
42951.7
42537.8
42114
41827.5
42368.5
42204.3
42055.2
41778.4
41895.8
41890.2
41603.7
41454.9
41300.7
41570.7
41407
41539.3
41105.1
40410.3
40690.1
41230.4
41215
40509.5
40488.6
40621.3
40334.4
40333.4
40449.9
40301.8
39999.9
39841.1
39554.4
39838.9
40093.6
39235.7
39087.1
39086.5
39361.3
39630.8
39471.6
39308.1
38593.3
38302
38158
39003.9
38992.9
38824
37817.4
37658.3
37785.6
37907
37906.4
37756.7
37613.2
37184
37296
37688.4
36697.1
36848.8
37251.5
36940.4
36520.6
36371.5
36497.9
36614.3
36312.6
36291.5
35428.2
35284
35986.8
36088.5
35245.8
34948.6
35065.7
35212.8
35201.1
35190
34888.7
34301.5
34280.2
33988
34262
34541.7
34510.1
33657.9
33503.6
33895.8
33624.4
33184.8
33163.4
33014.4
33278.5
33109.7
32813
32520.2
32386.3
32217.4
32742.7
31889.5
31321.2
31718.8
32269.2
32272.9
31287.1
30848.1
30965.1
31495
31478.3
30921
30496
30898.6
30852.4
30284.4
29568.1
29832.7
30377.8
30081.1
29784.2
29069.1
28771.7
29745
30005
29009.1
28426.5
28134.6
28827.7
29082
28790.5
27952.4
27793
28190.2
28449.5
27866.4
27431.4
27124.2
27384.1
27245.2
26672.5
26666.2
26910.4
27164.5
26739.9
25886.9
26013.5
25987.4
26262
26108
25815.8
25518.7
25630.1
25481.5
25046.4
25024.9
25014.1
24711.9
24414.9
24676.5
24736.9
24087.8
23931.3
23843.6
23970.5
23816.5
23529.4
23722.3
23631.9
23332.7
23033
22733.4
22791.3
22846.3
22480.7
22040.8
22162.4
22357.7
22275
21776.4
21688.9
21805.2
21712.2
21277.3
20770.9
20897.7
21016.6
20785.9
20626.8
20332.4
20183.2
20167.1
20076.8
20200.6
19834.6
19540.5
19238.3
19428.7
19486.4
19189.4
18966.2
18593
18502.4
18702.9
18477.1
18318.1
18161.4
17790.6
17769.2
17688.8
17532.4
17378.2
17290.4
17128.8
17040.9
16753.8
16796.3
16568.3
16335.1
16254.7
16100.5
15864.9
15853.5
15699.4
15540.3
15381.3
15365.1
15210.8
14987.5
14971.2
14809.6
14441.3
14281.8
14262.9
14175.1
13745.3
14076.1
13985.7
13686.2
13322.8
12885.5
13001.9
13340.3
13122.3
12613.3
12523.2
12502.1
12273.9
12122.3
12105.8
11952
11792.6
11638.6
11548.3
11465.6
11166
11080.8
11059.4
10796.7
10604.3
10483.3
10463.3
10240.1
10050.2
9887.18
9796.91
9712.96
9557.43
9365.04
9173.84
9013.33
9099.06
8832.65
8502.37
8420.86
8367.5
8244.05
8188.11
7885.98
7624.64
7612.03
7455.45
7335.77
7281.08
7011.98
6856.5
6767.39
6606.7
6413.1
6151.8
6168.45
6011.77
5820.57
5626.93
5535.27
5484.36
5258.77
4996.1
4941.36
4886.76
4690.48
4393.33
4163.78
4162.6
4108.61
3915.61
3670.79
3460.95
3390.36
3354.19
3175.84
2896.62
2669.63
2667.82
2577.41
2383.02
2172
1978.84
1889.74
1730.38
1501.5
1393.79
1235.12
1094.36
920.366
780.517
683.679
532.341
319.785
151.173
9.69806
-148.38
-307.081
-457.81
-626.042
-758.599
-939.157
-1102.48
-1244.43
-1372.34
-1526.26
-1697.6
-1869.67
-2011.14
-2158.16
-2318.3
-2481.02
-2634.36
-2779.43
-2932.66
-3096.98
-3251.69
-3415.57
-3575.24
-3734.27
-3897.63
-4048.21
-4194.48
-4362.12
-4520.51
-4670.91
-4813.04
-4989.92
-5157.89
-5316.93
-5457.76
-5608.5
-5803.24
-5936.14
-6060.4
-6254.21
-6430.13
-6573.5
-6698.44
-6909.48
-7066.28
-7209.07
-7352.38
-7458.8
-7703.74
-7882.23
-7989.24
-8079.67
-8325.82
-8589.12
-8661.13
-8732.41
-8908.34
-9137.22
-9261.44
-9333.39
-9561.7
-9791.16
-9953.1
-10043.6
-10097.1
-10395.6
-10692.7
-10644.1
-10701.3
-11032.9
-11294.3
-11352.9
-11442
-11596.4
-11790.1
-11949.3
-12143.1
-12130.2
-12398.1
-12834.3
-12779.3
-12623.7
-12820.1
-13434.6
-13595.1
-13508.4
-13492
-13791.4
-14129.1
-14286
-14300.1
-14393.2
-14555
-14850.9
-15044.9
-15031.9
-15193.7
-15524.1
-15790.7
-15673.1
-15758.4
-16232.9
-16315.8
-16125.4
-16356
-16793.6
-17024.3
-16834.1
-17064.7
-17359.4
-17590.4
-17607
-17559.3
-17859
-18294.1
-18389.8
-18199.3
-18565.3
-18862.4
-18947.9
-18902.9
-18993.6
-19566.4
-19587.5
-19682.8
-19628.1
-19989.2
-20212.3
-20098.4
-20193.8
-20626.4
-20788.4
-20875.8
-21032.5
-21261
-21060.8
-21510.6
-21881.4
-21829.2
-21697.9
-22135.2
-22090.2
-22178.2
-22616
-22846.5
-22801.3
-23019.5
-23314.2
-23340.4
-23081.1
-23370.8
-23941.3
-24107.8
-23848.2
-23931.1
-24509
-24668.4
-24477.9
-24570.7
-24862.8
-25223.9
-25242.6
-24988.2
-25211.3
-25924.4
-25871.8
-25755.1
-25845.6
-26201.6
-26355.9
-26379.7
-26403.5
-26767.1
-27140.8
-27088.1
-27038
-27465.2
-27338.6
-27421.5
-27578.1
-27749.7
-28472.9
-28336.2
-27998
-28011.3
-28586.7
-28812.3
-28772.4
-28803.9
-29162.4
-29661.2
-29179.9
-29068.5
-29640.8
-30366.5
-30234.7
-29256.1
-29844.2
-30702.1
-31003.9
-30591.6
-30052.2
-30481.6
-31472.2
-31503.7
-30816.1
-31113.5
-31833.6
-31987.7
-31723.2
-31310.7
-32163.9
-32598.3
-32058.8
-31932.2
-32509.8
-32949.4
-33256.4
-32711.9
-33009.3
-33157.8
-33592.2
-33460.4
-33328.1
-33635.5
-34514.6
-34844.5
-35771.5
-37768.3
-42435.3
-47374.3
-51820.1
-55410.3
-57309.1
-57067.6
-54942.9
-52528.3
-49850
-45843.4
-42273.1
-40830
-39720.5
-37413.7
-36136.1
-36315.8
-36952.4
-36381.7
-35808.3
-36507.1
-37619.2
-36113.2
-35572.4
-37644.8
-38364.9
-35860
-35722.7
-38397.2
-38127.2
-36045.6
-36899
-39130.4
-37763
-36400.7
-38076.2
-39459.7
-37801
-36857.7
-38808.5
-40070.3
-37595.5
-36652.4
-40552.9
-40997.7
-37532.5
-37677.1
-41438.9
-40633.1
-37174.4
-38998.4
-42908.1
-40590.8
-37249.7
-40574.6
-43386.4
-39400
-38014.1
-42874.8
-43476.7
-38357.3
-39733.2
-45017.8
-42296.3
-37483.6
-42469.8
-47621.2
-40340.6
-37162.8
-47242
-47415
-35975.2
-40270.7
-52728.4
-43616.4
-31886.2
-47554.5
-56560
-34542.9
-31914.8
-60037.8
-51463.3
-21731
-44839.9
-71092.6
-30812.8
-15951
-73679.7
-66481.5
3536.12
-37212.3
-108149
-23502.7
27825
-104837
-107135
65453.6
-17130.9
-199747
335.953
137237
-197507
-199797
242742
4593.31
-450134
119483
406798
-524634
-366428
796274
-117082
-1.13196e+06
713683
973552
-1.73249e+06
-376605
2.50982e+06
-1.31882e+06
-2.70777e+06
3.43803e+06
1.2512e+06
-5.77973e+06
1.80962e+06
6.90124e+06
-8.13718e+06
-4.30462e+06
1.45967e+07
-6.68436e+06
-1.51887e+07
1.72037e+07
8.05386e+06
-2.96604e+07
-4.15495e+06
4.50412e+07
-1.35032e+07
-4.62476e+07
-6.31967e+06
6.63168e+07
1.07885e+07
-8.07974e+07
-7.57151e+07
1.64212e+07
6.7936e+07
5.93943e+07
-2.01495e+07
-4.83443e+07
-3.89856e+07
3.38661e+07
4.17998e+07
-2.70823e+07
-3.98974e+07
1.16334e+07
5.14839e+07
-1.65508e+07
-4.98386e+07
-1.4671e+07
7.01323e+07
2.76902e+07
-7.95798e+07
-8.3174e+07
-2.68538e+06
7.99563e+07
7.62088e+07
-2.8988e+06
-5.28432e+07
-6.07438e+07
-1.07322e+07
7.97983e+07
4.73197e+07
-6.31083e+07
-7.79222e+07
-3.87372e+07
7.33789e+07
7.87563e+07
1.85425e+06
-7.14375e+07
-7.71485e+07
-6.14117e+06
8.75429e+07
7.46334e+07
-1.59719e+07
-5.01996e+07
-5.70669e+07
-9.67166e+06
7.54663e+07
3.80917e+07
-7.28428e+07
-8.28671e+07
-1.3208e+07
1.03751e+08
9.20625e+07
102403
-4.50205e+07
-6.28294e+07
-5.73081e+07
2.04661e+07
6.00674e+07
1.3741e+07
-7.67771e+07
-6.77488e+07
2.84156e+07
6.39781e+07
4.74693e+07
-3.67819e+07
-5.27626e+07
-1.04892e+07
7.74023e+07
3.00247e+07
-8.85326e+07
-9.47674e+07
-1.64104e+07
8.37563e+07
9.1061e+07
1.38099e+07
-1.20461e+08
-1.21718e+08
-1.00111e+08
-3.82078e+07
1.65351e+07
5.17665e+07
7.4024e+07
7.73303e+07
1.02114e+07
-6.87657e+07
-7.35808e+07
-2.59399e+07
4.48756e+07
5.93259e+07
1.62876e+07
-5.96204e+07
-5.51332e+07
2.42568e+07
5.49256e+07
1.96392e+07
-5.41339e+07
-4.85529e+07
3.11521e+07
5.16257e+07
-2.20837e+06
-5.89777e+07
-3.20254e+07
6.41751e+07
5.91452e+07
-2.10599e+07
-5.17036e+07
-3.74729e+07
4.45252e+07
4.61386e+07
-2.4855e+07
-4.56057e+07
2.29075e+06
6.32754e+07
3.929e+06
-7.94209e+07
-6.49786e+07
4.08913e+07
6.79887e+07
4.5402e+07
-4.48358e+07
-5.92677e+07
-7.77966e+06
8.43851e+07
4.74777e+07
-6.49857e+07
-8.14746e+07
-4.20326e+07
7.72898e+07
8.44247e+07
5.39124e+06
-1.02112e+08
-1.05687e+08
-1.74788e+07
7.26418e+07
8.89475e+07
6.9326e+07
-2.80766e+07
-5.77502e+07
-5.96733e+07
9.85246e+06
6.7557e+07
2.99681e+07
-6.85075e+07
-7.2698e+07
6.16596e+06
6.89062e+07
5.83885e+07
-2.16295e+07
-5.25586e+07
-3.7211e+07
4.83855e+07
4.87706e+07
-2.36657e+07
-4.87811e+07
-952484
7.58427e+07
1.17989e+07
-9.97043e+07
-9.5742e+07
2.32338e+06
5.84443e+07
7.24179e+07
4.94256e+07
-4.27751e+07
-6.09974e+07
-2.10143e+07
8.63963e+07
6.43333e+07
-3.3771e+07
-6.09039e+07
-5.61532e+07
2.24734e+07
5.41862e+07
1.90913e+07
-6.31881e+07
-5.13199e+07
4.49844e+07
6.05388e+07
882037
-8.5189e+07
-6.00438e+07
6.91684e+07
8.61605e+07
4.71838e+07
-6.6601e+07
-8.40624e+07
-4.47767e+07
8.22715e+07
9.02536e+07
6.44895e+06
-1.27711e+08
-1.28946e+08
-4.83925e+07
5.14608e+07
8.10069e+07
9.47213e+07
7.75198e+07
-1.7911e+07
-5.44342e+07
-6.43779e+07
-1.69299e+07
7.92821e+07
6.3005e+07
-2.54782e+07
-5.60899e+07
-4.92283e+07
3.06853e+07
4.9978e+07
-2.03771e+06
-6.97713e+07
-1.8408e+07
1.16107e+08
9.15173e+07
-1.35666e+07
-5.21648e+07
-7.08617e+07
-6.26966e+07
2.55421e+07
5.63983e+07
3.80279e+07
-3.79733e+07
-4.7527e+07
1.39391e+07
4.94954e+07
6.94475e+06
-6.31743e+07
-3.20076e+07
8.67831e+07
7.66382e+07
-1.11535e+07
-5.58995e+07
-6.41739e+07
863040
8.37484e+07
5.25035e+07
-4.67638e+07
-6.80734e+07
-4.16585e+07
7.22051e+07
7.39431e+07
-9.82498e+06
-8.06349e+07
-7.45884e+07
2.18869e+07
5.85242e+07
5.60431e+07
-1.82549e+07
-6.60741e+07
-1.61482e+07
1.06988e+08
8.16252e+07
-2.11844e+07
-5.69269e+07
-7.05057e+07
-3.56207e+07
7.59325e+07
7.5233e+07
-8.73517e+06
-8.04161e+07
-7.759e+07
1.34224e+07
5.54764e+07
5.76488e+07
-6.37458e+06
-7.88281e+07
-3.75978e+07
1.11529e+08
1.07757e+08
1.39894e+07
-8.05951e+07
-1.01088e+08
-8.6282e+07
8.75118e+06
5.23115e+07
6.51744e+07
4.89572e+07
-3.01909e+07
-5.31141e+07
-8.35022e+06
8.7843e+07
4.88661e+07
-5.95658e+07
-7.95111e+07
-4.60355e+07
8.7248e+07
9.20158e+07
538088
-1.26513e+08
-1.27301e+08
-4.22469e+07
4.82628e+07
7.64369e+07
9.01113e+07
7.78107e+07
-9.19081e+06
-5.68793e+07
-6.69481e+07
-9.8073e+06
7.85593e+07
6.44337e+07
-1.97586e+07
-5.72549e+07
-5.16584e+07
3.12154e+07
5.04509e+07
1.4236e+07
-5.9484e+07
-3.60809e+07
7.57172e+07
7.09992e+07
-1.20714e+07
-6.58909e+07
-6.4018e+07
1.96245e+07
5.24396e+07
4.13919e+07
-2.90899e+07
-4.50541e+07
1.41276e+07
4.3077e+07
6.08496e+06
-5.65627e+07
-9.58615e+06
8.89673e+07
5.73746e+07
-4.17241e+07
-6.71668e+07
-5.57068e+07
4.07905e+07
5.86664e+07
2.82342e+07
-5.16912e+07
-5.31336e+07
2.34921e+07
4.76121e+07
2.1775e+07
-4.71356e+07
-3.13626e+07
6.28487e+07
5.3181e+07
-2.55889e+07
-5.517e+07
-1.80906e+07
8.71227e+07
6.2958e+07
-2.98841e+07
-6.02147e+07
-5.73308e+07
2.27149e+07
4.95783e+07
3.00872e+07
-3.92412e+07
-3.66483e+07
4.07726e+07
4.18158e+07
-2.48103e+07
-4.60843e+07
1.60482e+07
4.17957e+07
8.68993e+06
-5.21809e+07
-9.12224e+06
7.59061e+07
4.76303e+07
-4.16315e+07
-6.25924e+07
-2.21723e+07
9.45446e+07
7.78837e+07
-1.10855e+07
-5.592e+07
-6.8183e+07
-1.21291e+07
9.14687e+07
7.6314e+07
-1.01911e+07
-5.7857e+07
-6.83019e+07
-7.96564e+06
7.43034e+07
6.55032e+07
-1.58604e+07
-6.57831e+07
-5.541e+07
4.59788e+07
6.16669e+07
3.14221e+07
-4.88358e+07
-5.55676e+07
1.32032e+07
4.55005e+07
3.02685e+07
-3.54835e+07
-2.96006e+07
5.03561e+07
4.01266e+07
-3.2294e+07
-4.62159e+07
1.37777e+07
4.05974e+07
1.35295e+07
-4.66381e+07
-9.84656e+06
6.46364e+07
3.90669e+07
-4.1744e+07
-5.6399e+07
-803012
5.43405e+07
4.10417e+07
-3.08426e+07
-4.67018e+07
1.19126e+07
4.03528e+07
1.69619e+07
-4.34417e+07
-1.16582e+07
6.0702e+07
3.65354e+07
-4.14624e+07
-5.34885e+07
5.89661e+06
4.52079e+07
3.11913e+07
-3.44998e+07
-2.95678e+07
4.83937e+07
3.95337e+07
-3.13621e+07
-4.4539e+07
1.7757e+07
3.81872e+07
9.76032e+06
-4.6204e+07
-3.60622e+06
5.17018e+07
2.99328e+07
-4.04775e+07
-4.17259e+07
3.38758e+07
4.22946e+07
-2.70966e+06
-5.38059e+07
-5.86025e+06
5.7721e+07
4.3173e+07
-2.99362e+07
-4.99946e+07
2.12675e+06
4.43614e+07
3.01864e+07
-3.39401e+07
-2.95921e+07
4.55419e+07
3.88862e+07
-2.81366e+07
-4.38962e+07
1.89547e+07
3.71403e+07
9.24093e+06
-4.5001e+07
-1.64516e+06
4.59659e+07
2.60948e+07
-3.9352e+07
-3.07372e+07
4.78967e+07
4.30804e+07
-2.3277e+07
-4.99881e+07
4.17612e+06
4.13779e+07
2.81596e+07
-3.12986e+07
-2.64061e+07
4.32508e+07
3.55775e+07
-2.82182e+07
-4.02092e+07
2.72739e+07
3.67651e+07
-1.13611e+06
-4.7447e+07
3.5782e+06
4.1107e+07
2.43793e+07
-3.54181e+07
-2.15424e+07
4.72871e+07
3.59483e+07
-3.08289e+07
-4.1687e+07
2.34859e+07
3.63271e+07
5.65985e+06
-4.50661e+07
570926
4.07424e+07
2.40765e+07
-3.5177e+07
-2.21965e+07
4.57023e+07
3.58971e+07
-2.82963e+07
-4.17728e+07
2.24493e+07
3.57226e+07
6.76211e+06
-4.38265e+07
570195
3.89502e+07
2.26875e+07
-3.3965e+07
-2.02895e+07
4.35529e+07
3.36102e+07
-2.7901e+07
-3.90094e+07
2.69622e+07
3.56408e+07
1.12272e+06
-4.52001e+07
3.20705e+06
3.74851e+07
2.22121e+07
-3.15088e+07
-1.99082e+07
3.93371e+07
3.10101e+07
-2.54258e+07
-3.54532e+07
2.76096e+07
3.37097e+07
-2.26602e+06
-4.31007e+07
6.48708e+06
3.38209e+07
1.77608e+07
-3.08751e+07
-1.36109e+07
3.24293e+07
2.40685e+07
-2.41121e+07
-2.45412e+07
3.15549e+07
2.89499e+07
-1.62788e+07
-3.54405e+07
2.08045e+07
3.04294e+07
2.58043e+06
-3.71807e+07
3.68543e+06
2.96939e+07
1.47853e+07
-2.80837e+07
-1.03165e+07
2.64089e+07
1.89851e+07
-1.94317e+07
-1.98917e+07
2.2736e+07
2.20418e+07
-1.03508e+07
-2.73478e+07
1.76395e+07
2.38181e+07
-2.17587e+06
-2.94606e+07
9.10673e+06
2.29789e+07
5.05819e+06
-2.57782e+07
364117
2.04911e+07
9.40582e+06
-1.89239e+07
-8.11809e+06
1.61151e+07
1.23365e+07
-1.03151e+07
-1.40705e+07
9.98754e+06
1.33145e+07
-2.65356e+06
-1.47865e+07
2.92974e+06
1.20279e+07
2.70291e+06
-1.15283e+07
-3.13155e+06
9.13412e+06
5.8222e+06
-6.48121e+06
-6.69989e+06
4.89157e+06
6.70099e+06
-1.76534e+06
-6.89701e+06
677375
5.79254e+06
1.45296e+06
-5.00963e+06
-2.23331e+06
3.80305e+06
3.01312e+06
-2.42389e+06
-3.33814e+06
1.43141e+06
3.14716e+06
-222025
-2.92565e+06
-453988
2.36054e+06
1.09982e+06
-1.77681e+06
-1.42814e+06
1.16856e+06
1.53141e+06
-548989
-1.5134e+06
81974.2
1.29969e+06
318589
-1.05239e+06
-570421
735550
697083
-428347
-735756
153963
664184
67956.7
-558972
-228037
402665
313413
-251527
-350261
103406
325163
11952
-277404
-100642
200024
146885
-124753
-167474
49129.7
155614
8468.57
-130206
-51588.7
91484.9
73702.7
-52399.4
-80154.5
16660.9
73246.1
11957.5
-56579.2
-28827.7
38392.2
39122.9
-16551.6
-36739
2714.64
33971.1
12615.1
-20898.5
-15155.4
14985
21600.6
-721.128
-14361.2
-638.453
15976.1
11128
-4209.37
-5865.75
6435.81
12662.5
5186.91
-2620.77
714.769
8723.35
9271.33
3126.48
498.235
4799.22
8777.8
7142.27
3374.28
3501.26
6831.91
8332.05
6238.37
4431.25
5700.82
7757.44
8019
6486.83
6028.17
7152.6
8311.77
8053.78
7320.43
7376.15
8222.49
8685.99
8429.02
8038.08
8333.79
9117.29
9345.58
9017.25
8862.54
9334.44
9801.37
9852.23
9699.92
9820.94
10082.6
10415.5
10370.6
10532.3
10725.9
11088.2
11177.4
11230.8
11176.9
11334.9
11630.7
11999.1
11948.9
11893.9
12188.6
12276.4
12435.6
12735.1
12748.9
12908.3
12996.1
13155.4
13383.6
13683.1
13773.5
13649.4
14084.4
14034.4
14124.6
14345.3
14777.7
14803.9
14608.5
14760.3
15200.1
15430.8
15311.8
15330.5
15553.5
15983.8
16002.5
15885.9
16249.2
16332.2
16425.1
16727
16886
16961.2
17115.5
17279.6
17229.8
17246.1
17548.3
18192.5
18070.9
18013
17817.5
18109.5
18549.5
18775.2
18732.5
19026.8
19114.5
19059.5
19139.9
19434.3
19590.7
19683.4
19771.3
19923.1
20293.9
20521.7
20254.9
20204.9
20637.1
20931.5
20873.8
20961.4
20980.3
21274.8
21500.3
21659.3
21678.1
21829.7
21986.1
22140.3
22087.8
22244.5
22404
22706
22724.6
23016.6
23239.4
23398.5
23271.9
23288.3
23304.6
23882.1
23891
24047.7
24071.3
24021.4
24318.4
24750.8
24764.6
24716.8
24937.2
25093.9
25322.1
25343.4
25359.7
25794.3
25805.6
25684.2
25838.4
26135.6
26718.4
26597
26480.6
26497.3
27080.1
27382.3
27546.8
27553.2
27432
27591.3
27755.9
28190.6
28350.2
28514.3
28679.1
28553
28855.5
29157.5
29322.1
29624.3
29503.3
29662.6
30102.9
30400.2
30564.6
30168.1
30337.8
31487.5
31372
31112.6
31405.1
31840.4
31862.6
31751.5
31926.1
32661.9
33245.5
33114.5
32728
33306.1
33746.4
33763.4
33928.4
33674.8
33992.4
34860.9
35025.5
35180.6
35060
34663.7
34976.3
35844.5
36575.8
36312.2
36339
36774
36658.1
36541.9
36844.5
37137
37576.9
38169.5
37757.6
37361
37658.8
38669.7
38548.2
38427
38596.3
39021.7
39170.5
39196.6
39488.4
39224.6
39098
39802.6
39685.3
39691.4
39840.6
39994.2
40296
40173.7
40317.3
40333.8
40604.8
40753.4
40345.5
40075.7
40923
41061
40372.3
40955.3
41245.8
40955.5
41378.6
40971.3
40691.2
40691.8
41099.8
41395.3
41400.3
41267.9
40982.3
40834.7
40967.6
41534
41544.5
41274.4
40738.4
41432.4
41846.5
41131.9
41137.3
41300.1
41856.7
41571.5
41285.6
41004.6
41438.4
41714
41704.8
41138.1
41005.4
41173
41453.5
42137.6
42122.7
41286.2
40454.4
41159.2
41583
42174.6
41899.6
41737
41598.5
41603.7
41752.2
41895.4
41758.3
41483
41911.8
42064.7
42344.8
41917.1
41626.9
41922.8
42351.4
42219.7
42367.9
42087.7
41812.3
42103.4
42517.1
43078.7
42267.8
41706.6
42824.9
43121.4
42289.1
42570.8
43132.7
43270.6
42587.1
42306.1
42597.2
43440.1
43302.6
42888.9
43022.4
43166
43038.3
42915.4
43043.3
42875
41080.1
34974.5
19062.3
-2405.92
-14755
-13104.8
2312.72
16096.3
25322.9
30992.3
37999.1
42397.7
43110.7
41803.3
41893.4
43751.3
43818.4
42750.5
43218.5
43613.9
43330
42895
42900.4
43318.7
43314.1
42450.1
41857.2
42258.7
42364
42215.3
41939.3
41802.4
42956.1
43411.9
43760.6
43650.1
43513.8
43632.4
43939.8
43833.5
44580.2
45337.5
45804.7
45552.7
45713.9
46016
45761.2
46037.9
45896
46191.7
46048.7
46187.5
45774.6
45779.4
46064.8
46467.8
46177.6
45483.5
45763.5
46313.8
45599.5
45328.8
46176.2
46165.7
45593.5
45174.5
45567.8
45853.3
45296.1
45306
45862.9
45990.8
45720.4
45030.6
45444
46541.6
45556.1
44447.2
44712.6
45640.1
45179.2
43033
41110.1
40500.7
39444.7
36289.4
34451.3
35034.8
36803.9
36858.2
36670.7
38733
39375.3
40344.5
40537.6
41028.5
41236.7
42725.8
42320.3
42078.1
42361.2
43092.3
42843.4
43007.9
42866.6
43011.2
42306.8
43021.3
43445.3
43308.3
42762.6
43345.5
43336.5
43658.3
44389.2
43977.4
43554.7
43115.8
42782.2
42014.3
41102.4
40301.7
39808
39891.2
40348.5
40950.6
42868.5
42519.6
43161.6
43635.2
44543.3
44455.6
45244.3
45711.7
45449.4
46314.9
45760.1
45966.8
46867.2
49080.8
49433.2
49382.1
49427.3
50201.5
51092.5
51836.1
51319
51229.8
51670.2
52397
52996.2
52319.2
52918.2
53522.9
54572.1
54345.3
55109.3
55443.2
56037.7
56024.3
55494.8
55087.6
56517.6
56513.2
55529
56106
56259.6
56703.8
56576.8
55524.6
