1.15171e-05
1.12036e-05
1.14136e-05
1.10938e-05
1.12327e-05
1.13101e-05
1.05818e-05
1.10577e-05
1.0473e-05
1.07464e-05
1.00226e-05
8.67892e-06
1.07072e-05
7.99951e-06
7.69882e-06
7.68941e-06
6.74901e-06
8.78095e-06
6.05679e-06
8.55274e-06
4.2015e-06
6.22993e-06
5.11329e-06
4.44576e-06
7.5503e-06
4.28732e-06
5.42737e-06
6.61945e-06
4.76856e-06
6.95107e-06
4.96797e-06
5.68072e-06
7.23614e-06
5.35766e-06
9.11948e-06
4.62882e-06
8.04734e-06
4.40975e-06
4.62907e-06
7.08642e-06
3.2946e-06
4.51717e-06
8.14634e-06
4.20277e-06
5.15663e-06
5.41491e-06
3.65966e-06
5.12515e-06
7.96092e-06
4.9406e-06
7.31316e-06
4.40671e-06
5.37903e-06
6.87474e-06
4.76222e-06
6.75055e-06
5.21375e-06
5.76355e-06
7.27308e-06
5.37665e-06
8.95641e-06
4.89548e-06
8.6874e-06
4.41486e-06
4.932e-06
5.4105e-06
3.36255e-06
4.39164e-06
9.68893e-06
4.476e-06
5.94486e-06
3.5906e-06
3.33705e-06
4.88077e-06
7.56871e-06
4.43601e-06
5.69015e-06
5.68993e-06
4.62824e-06
8.97531e-06
4.89547e-06
6.17111e-06
4.3392e-06
4.11963e-06
7.7377e-06
4.78003e-06
5.04852e-06
7.38568e-06
4.13924e-06
7.00044e-06
4.92037e-06
4.73418e-06
9.97932e-06
4.24118e-06
8.37597e-06
3.86821e-06
3.88735e-06
9.34549e-06
1.71274e-06
2.88068e-06
4.61908e-06
3.42765e-06
2.69409e-06
2.80297e-06
3.4571e-06
5.81366e-06
4.73776e-06
4.11543e-06
7.10271e-06
5.09665e-06
4.98034e-06
9.81052e-06
4.86523e-06
1.01148e-05
4.20495e-06
5.38063e-06
3.76051e-06
3.0844e-06
3.93212e-06
7.42178e-06
4.32643e-06
4.26568e-06
9.19836e-06
3.61063e-06
5.746e-06
4.28717e-06
3.4642e-06
4.24493e-06
8.55389e-06
4.12451e-06
6.2903e-06
4.48204e-06
3.87898e-06
5.57894e-06
6.53514e-06
5.21926e-06
9.84699e-06
4.90726e-06
7.18102e-06
3.85847e-06
4.54841e-06
8.46622e-06
4.04031e-06
4.71549e-06
6.36801e-06
3.55409e-06
4.98091e-06
7.13195e-06
4.24538e-06
5.11535e-06
7.80111e-06
4.89137e-06
1.00372e-05
4.47002e-06
5.81277e-06
3.86304e-06
3.49496e-06
5.27495e-06
6.41088e-06
4.31858e-06
5.34203e-06
8.20252e-06
5.83325e-06
8.03193e-06
5.0348e-06
6.96879e-06
5.57172e-06
7.06259e-06
5.37355e-06
5.0795e-06
9.21241e-06
5.53511e-06
9.06858e-06
4.48457e-06
5.57518e-06
4.99516e-06
4.14799e-06
7.17088e-06
4.87796e-06
4.68682e-06
8.94284e-06
4.70459e-06
9.00062e-06
3.9853e-06
4.22827e-06
7.05241e-06
2.95846e-06
3.82534e-06
8.47056e-06
3.46367e-06
3.40273e-06
8.35581e-06
2.2471e-06
2.74874e-06
4.12383e-06
3.95583e-06
2.68357e-06
2.59625e-06
2.96582e-06
4.02875e-06
8.93845e-06
3.65585e-06
5.46571e-06
4.3888e-06
3.29653e-06
3.74303e-06
5.95336e-06
5.86658e-06
5.61248e-06
7.75679e-06
4.82732e-06
6.3235e-06
6.39538e-06
7.12073e-06
5.63601e-06
5.20366e-06
8.93931e-06
6.42164e-06
7.63999e-06
4.75797e-06
6.09693e-06
6.66868e-06
6.96382e-06
5.86241e-06
5.23167e-06
8.40204e-06
6.69304e-06
7.88442e-06
4.89019e-06
6.33626e-06
6.42515e-06
7.34056e-06
5.45529e-06
5.18749e-06
8.87178e-06
6.40989e-06
7.42466e-06
4.77495e-06
6.01534e-06
7.1781e-06
7.54661e-06
5.56274e-06
5.3525e-06
9.01386e-06
6.97493e-06
6.55667e-06
5.02932e-06
6.93526e-06
7.22807e-06
9.0518e-06
5.01934e-06
6.21981e-06
5.78948e-06
6.14629e-06
6.30327e-06
4.81945e-06
6.36272e-06
7.83265e-06
9.15857e-06
5.14149e-06
6.19074e-06
6.00352e-06
6.37645e-06
6.0781e-06
4.8699e-06
6.65389e-06
7.62877e-06
8.99302e-06
5.09683e-06
6.25292e-06
6.1131e-06
6.79148e-06
5.63774e-06
4.88772e-06
7.28805e-06
6.98923e-06
8.53468e-06
4.86821e-06
5.88069e-06
6.65214e-06
6.61532e-06
5.99657e-06
4.93026e-06
6.8553e-06
7.6983e-06
8.33213e-06
5.10836e-06
6.2779e-06
7.03665e-06
8.16776e-06
5.06142e-06
5.24813e-06
8.28859e-06
6.4297e-06
6.65503e-06
4.78564e-06
5.94572e-06
8.1609e-06
8.74343e-06
5.22047e-06
5.75972e-06
7.70122e-06
7.65205e-06
5.45273e-06
5.1236e-06
8.05219e-06
7.02702e-06
6.9049e-06
4.84666e-06
6.00249e-06
7.98843e-06
8.71666e-06
5.15531e-06
5.67821e-06
7.68794e-06
7.54416e-06
5.50514e-06
5.05878e-06
7.67983e-06
7.27145e-06
7.04854e-06
4.89466e-06
6.0275e-06
7.94189e-06
8.70582e-06
5.12944e-06
5.64864e-06
7.70458e-06
7.55772e-06
5.48093e-06
5.03988e-06
7.52698e-06
7.48274e-06
6.90427e-06
4.9286e-06
6.10697e-06
7.96024e-06
8.32405e-06
5.18591e-06
5.69404e-06
7.99102e-06
7.99596e-06
5.36863e-06
5.23616e-06
7.86849e-06
7.55309e-06
6.15116e-06
4.97744e-06
6.53523e-06
7.95397e-06
7.55771e-06
5.22256e-06
5.99713e-06
8.22118e-06
7.97383e-06
5.38985e-06
5.71708e-06
8.06353e-06
8.31342e-06
5.48393e-06
5.44435e-06
7.73288e-06
7.91528e-06
5.82752e-06
5.18521e-06
7.0005e-06
7.93322e-06
6.69907e-06
5.22893e-06
6.37705e-06
8.2198e-06
7.22033e-06
5.44072e-06
6.09278e-06
7.76045e-06
7.44567e-06
5.66242e-06
5.79248e-06
7.2442e-06
7.5887e-06
6.0363e-06
5.65356e-06
6.81145e-06
7.5077e-06
6.52813e-06
5.69639e-06
6.46285e-06
7.26147e-06
6.84018e-06
5.86847e-06
6.12984e-06
6.91935e-06
6.9599e-06
6.16489e-06
6.00149e-06
6.6305e-06
6.90298e-06
6.48491e-06
6.03766e-06
6.40075e-06
6.75421e-06
6.62801e-06
6.17121e-06
6.22999e-06
6.58351e-06
6.63715e-06
6.3438e-06
6.19188e-06
6.44751e-06
6.57652e-06
6.46392e-06
6.23575e-06
6.32403e-06
6.48835e-06
6.48118e-06
6.31102e-06
6.26908e-06
6.40538e-06
6.45103e-06
6.37358e-06
6.26961e-06
6.33018e-06
6.40076e-06
6.38569e-06
6.29378e-06
6.28328e-06
6.34899e-06
6.36359e-06
6.31518e-06
6.26885e-06
6.29863e-06
6.32889e-06
6.31717e-06
6.26891e-06
6.26334e-06
6.29344e-06
6.29703e-06
6.26814e-06
6.245e-06
6.25526e-06
6.26923e-06
6.25809e-06
6.23423e-06
6.22818e-06
6.23794e-06
6.23842e-06
6.22274e-06
6.20963e-06
6.21037e-06
6.21386e-06
6.20711e-06
6.19455e-06
6.18839e-06
6.1892e-06
6.18731e-06
6.17877e-06
6.17024e-06
6.16706e-06
6.16582e-06
6.16099e-06
6.15333e-06
6.14758e-06
6.14464e-06
6.14131e-06
6.13567e-06
6.12939e-06
6.125e-06
6.12177e-06
6.11753e-06
6.11201e-06
6.10685e-06
6.10287e-06
6.09909e-06
6.09447e-06
6.08942e-06
6.08488e-06
6.08092e-06
6.07681e-06
6.07221e-06
6.06754e-06
6.06336e-06
6.05936e-06
6.05514e-06
6.05065e-06
6.04635e-06
6.04244e-06
6.03839e-06
6.03436e-06
6.0301e-06
6.02596e-06
6.0219e-06
6.01792e-06
6.01392e-06
6.00983e-06
6.0059e-06
6.00204e-06
5.99807e-06
5.99404e-06
5.99009e-06
5.98621e-06
5.98244e-06
5.97869e-06
5.97481e-06
5.97096e-06
5.96714e-06
5.96345e-06
5.95973e-06
5.95606e-06
5.95243e-06
5.94881e-06
5.94512e-06
5.94154e-06
5.93794e-06
5.93439e-06
5.93087e-06
5.92726e-06
5.92376e-06
5.92028e-06
5.91683e-06
5.91339e-06
5.90996e-06
5.90657e-06
5.9032e-06
5.89983e-06
5.89656e-06
5.8932e-06
5.88996e-06
5.88674e-06
5.88353e-06
5.88031e-06
5.87702e-06
5.8739e-06
5.87078e-06
5.86758e-06
5.86453e-06
5.86144e-06
5.85835e-06
5.85527e-06
5.85216e-06
5.84913e-06
5.84615e-06
5.8432e-06
5.84018e-06
5.83715e-06
5.83418e-06
5.8313e-06
5.82844e-06
5.82558e-06
5.82275e-06
5.81991e-06
5.81712e-06
5.81434e-06
5.81158e-06
5.8088e-06
5.80605e-06
5.80342e-06
5.80072e-06
5.79809e-06
5.7955e-06
5.79282e-06
5.79028e-06
5.78764e-06
5.78512e-06
5.78256e-06
5.77999e-06
5.77751e-06
5.77506e-06
5.77257e-06
5.77006e-06
5.76758e-06
5.76508e-06
5.76259e-06
5.76023e-06
5.75791e-06
5.7556e-06
5.75335e-06
5.75104e-06
5.74877e-06
5.74651e-06
5.74426e-06
5.74204e-06
5.73982e-06
5.73772e-06
5.73555e-06
5.73339e-06
5.73124e-06
5.72908e-06
5.72696e-06
5.72485e-06
5.72288e-06
5.72087e-06
5.7189e-06
5.71695e-06
5.71493e-06
5.71291e-06
5.71091e-06
5.70901e-06
5.70713e-06
5.70528e-06
5.70343e-06
5.70157e-06
5.69975e-06
5.69794e-06
5.69619e-06
5.69442e-06
5.69272e-06
5.691e-06
5.6893e-06
5.6876e-06
5.68589e-06
5.68429e-06
5.68256e-06
5.68103e-06
5.67942e-06
5.67788e-06
5.67628e-06
5.6748e-06
5.67327e-06
5.67171e-06
5.67023e-06
5.66879e-06
5.66722e-06
5.6657e-06
5.6642e-06
5.66274e-06
5.6614e-06
5.66006e-06
5.65869e-06
5.65741e-06
5.65614e-06
5.65488e-06
5.65361e-06
5.65227e-06
5.65096e-06
5.64985e-06
5.64875e-06
5.64753e-06
5.64635e-06
5.64525e-06
5.64414e-06
5.64308e-06
5.64203e-06
5.64088e-06
5.63987e-06
5.63888e-06
5.6379e-06
5.63693e-06
5.63598e-06
5.63505e-06
5.63412e-06
5.63321e-06
5.63241e-06
5.63152e-06
5.63065e-06
5.62979e-06
5.62897e-06
5.62816e-06
5.62735e-06
5.62658e-06
5.62582e-06
5.62513e-06
5.62445e-06
5.62378e-06
5.62318e-06
5.62256e-06
5.62195e-06
5.62126e-06
5.62068e-06
5.62013e-06
5.61959e-06
5.61905e-06
5.61854e-06
5.61805e-06
5.61756e-06
5.61704e-06
5.61667e-06
5.61622e-06
5.6158e-06
5.61549e-06
5.61511e-06
5.61471e-06
5.61433e-06
5.61407e-06
5.61383e-06
5.6136e-06
5.61337e-06
5.61316e-06
5.61297e-06
5.61282e-06
5.61266e-06
5.6125e-06
5.61234e-06
5.61221e-06
5.61209e-06
5.61212e-06
5.61213e-06
5.61214e-06
5.6121e-06
5.61205e-06
5.61211e-06
5.61212e-06
5.61226e-06
5.61228e-06
5.61241e-06
5.61256e-06
5.61274e-06
5.61291e-06
5.61307e-06
5.61325e-06
5.61346e-06
5.61381e-06
5.61409e-06
5.61434e-06
5.6146e-06
5.6149e-06
5.61524e-06
5.61562e-06
5.61593e-06
5.61632e-06
5.61678e-06
5.6172e-06
5.61776e-06
5.61831e-06
5.61884e-06
5.61931e-06
5.61976e-06
5.62031e-06
5.62099e-06
5.62169e-06
5.62228e-06
5.6228e-06
5.62353e-06
5.62425e-06
5.62498e-06
5.62573e-06
5.62652e-06
5.6273e-06
5.62809e-06
5.62901e-06
5.62992e-06
5.63076e-06
5.63162e-06
5.63258e-06
5.63356e-06
5.63451e-06
5.63554e-06
5.63649e-06
5.63759e-06
5.6387e-06
5.63968e-06
5.64079e-06
5.64195e-06
5.64317e-06
5.64435e-06
5.6455e-06
5.6467e-06
5.64796e-06
5.64925e-06
5.65053e-06
5.65179e-06
5.65303e-06
5.65436e-06
5.65575e-06
5.65721e-06
5.65853e-06
5.65986e-06
5.66116e-06
5.66244e-06
5.6637e-06
5.66497e-06
5.6662e-06
5.66755e-06
5.66896e-06
5.67029e-06
5.6717e-06
5.67306e-06
5.67443e-06
5.67589e-06
5.67727e-06
5.67873e-06
5.68009e-06
5.68149e-06
5.68285e-06
5.6842e-06
5.68562e-06
5.68702e-06
5.68846e-06
5.69001e-06
5.69152e-06
5.69295e-06
5.69438e-06
5.69579e-06
5.69739e-06
5.69886e-06
5.70038e-06
5.70198e-06
5.70337e-06
5.7049e-06
5.70635e-06
5.70795e-06
5.7093e-06
5.71088e-06
5.71249e-06
5.71399e-06
5.71545e-06
5.71705e-06
5.71842e-06
5.72002e-06
5.72154e-06
5.72307e-06
5.72468e-06
5.72612e-06
5.72788e-06
5.72943e-06
5.73098e-06
5.73259e-06
5.73438e-06
5.73589e-06
5.73765e-06
5.73921e-06
5.74068e-06
5.74231e-06
5.74387e-06
5.74542e-06
5.74718e-06
5.74869e-06
5.75026e-06
5.75213e-06
5.75365e-06
5.75518e-06
5.75691e-06
5.75855e-06
5.76017e-06
5.76173e-06
5.76325e-06
5.76483e-06
5.76678e-06
5.76838e-06
5.76985e-06
5.77153e-06
5.77336e-06
5.77498e-06
5.77658e-06
5.7783e-06
5.77996e-06
5.7816e-06
5.78307e-06
5.78496e-06
5.78656e-06
5.78806e-06
5.78983e-06
5.79124e-06
5.79277e-06
5.79461e-06
5.79602e-06
5.79785e-06
5.79937e-06
5.80125e-06
5.80284e-06
5.80436e-06
5.80629e-06
5.80788e-06
5.80942e-06
5.81101e-06
5.81286e-06
5.81445e-06
5.81648e-06
5.81814e-06
5.81985e-06
5.82161e-06
5.82327e-06
5.82557e-06
5.82764e-06
5.82979e-06
5.83154e-06
5.83406e-06
5.83625e-06
5.83845e-06
5.84063e-06
5.84278e-06
5.84557e-06
5.84785e-06
5.85007e-06
5.85302e-06
5.85591e-06
5.85805e-06
5.86139e-06
5.86369e-06
5.86714e-06
5.87039e-06
5.8727e-06
5.87537e-06
5.87932e-06
5.88299e-06
5.88554e-06
5.88874e-06
5.89311e-06
5.89549e-06
5.89962e-06
5.90351e-06
5.90693e-06
5.91014e-06
5.91383e-06
5.9181e-06
5.92221e-06
5.92577e-06
5.92962e-06
5.9346e-06
5.93911e-06
5.9428e-06
5.947e-06
5.95137e-06
5.95645e-06
5.96072e-06
5.96525e-06
5.97036e-06
5.97486e-06
5.97926e-06
5.98455e-06
5.98996e-06
5.99509e-06
6.00031e-06
6.00571e-06
6.0107e-06
6.01589e-06
6.02197e-06
6.02784e-06
6.0333e-06
6.03838e-06
6.04423e-06
6.0508e-06
6.05696e-06
6.06254e-06
6.0681e-06
6.07408e-06
6.0816e-06
6.08784e-06
6.09264e-06
6.09992e-06
6.10697e-06
6.11425e-06
6.12109e-06
6.12702e-06
6.13417e-06
6.14231e-06
6.14834e-06
6.15635e-06
6.164e-06
6.17174e-06
6.17869e-06
6.18658e-06
6.19379e-06
6.20292e-06
6.21135e-06
6.21887e-06
6.22566e-06
6.23484e-06
6.24369e-06
6.25289e-06
6.25941e-06
6.27011e-06
6.27912e-06
6.28801e-06
6.29548e-06
6.30611e-06
6.31382e-06
6.32368e-06
6.3327e-06
6.34349e-06
6.35426e-06
6.36374e-06
6.37255e-06
6.38266e-06
6.39326e-06
6.40486e-06
6.41497e-06
6.42507e-06
6.43495e-06
6.44672e-06
6.45846e-06
6.47095e-06
6.48171e-06
6.49251e-06
6.50416e-06
6.51663e-06
6.52859e-06
6.54127e-06
6.55426e-06
6.56495e-06
6.57667e-06
6.59082e-06
6.60487e-06
6.61845e-06
6.62996e-06
6.64331e-06
6.65658e-06
6.66915e-06
6.68471e-06
6.69574e-06
6.70767e-06
6.72138e-06
6.73563e-06
6.75072e-06
6.76548e-06
6.78081e-06
6.77532e-06
6.76732e-06
6.75903e-06
6.75017e-06
6.74138e-06
6.73341e-06
6.726e-06
6.7184e-06
6.71066e-06
6.70385e-06
6.6967e-06
6.68848e-06
6.68095e-06
6.67442e-06
6.66698e-06
6.65878e-06
6.65145e-06
6.64368e-06
6.63667e-06
6.63013e-06
6.62309e-06
6.61611e-06
6.6092e-06
6.60294e-06
6.59632e-06
6.58982e-06
6.58396e-06
6.57568e-06
6.5693e-06
6.56308e-06
6.55713e-06
6.54958e-06
6.54395e-06
6.538e-06
6.53173e-06
6.52591e-06
6.5192e-06
6.51182e-06
6.50524e-06
6.4999e-06
6.49456e-06
6.48724e-06
6.47259e-06
6.45798e-06
6.4435e-06
6.42862e-06
6.41459e-06
6.4005e-06
6.38534e-06
6.3715e-06
6.358e-06
6.34375e-06
6.32904e-06
6.31528e-06
6.30079e-06
6.28643e-06
6.27253e-06
6.25795e-06
6.24467e-06
6.23167e-06
6.21805e-06
6.20577e-06
6.19271e-06
6.17767e-06
6.16289e-06
6.15073e-06
6.13802e-06
6.12433e-06
6.11084e-06
6.09784e-06
6.08384e-06
6.07005e-06
6.05578e-06
6.0411e-06
6.02848e-06
6.01623e-06
6.00246e-06
5.99072e-06
5.97701e-06
5.9641e-06
5.95018e-06
5.93757e-06
5.92376e-06
5.9103e-06
5.89663e-06
5.88387e-06
5.87134e-06
5.85789e-06
5.84602e-06
5.83338e-06
5.82314e-06
5.81268e-06
5.8044e-06
5.79798e-06
5.79145e-06
5.78519e-06
5.7796e-06
5.77418e-06
5.76605e-06
5.76007e-06
5.75332e-06
5.74757e-06
5.74117e-06
5.73592e-06
5.72908e-06
5.72382e-06
5.71894e-06
5.71341e-06
5.70778e-06
5.70276e-06
5.69774e-06
5.69262e-06
5.68847e-06
5.68531e-06
5.68187e-06
5.67834e-06
5.674e-06
5.66748e-06
5.66165e-06
5.65503e-06
5.6485e-06
5.64236e-06
5.63622e-06
5.63111e-06
5.6252e-06
5.61943e-06
5.61459e-06
5.60996e-06
5.60508e-06
5.59976e-06
5.59576e-06
5.59081e-06
5.58694e-06
5.58344e-06
5.58035e-06
5.5774e-06
5.57481e-06
5.57214e-06
5.56988e-06
5.56781e-06
5.56588e-06
5.56368e-06
5.56197e-06
5.56019e-06
5.55892e-06
5.55722e-06
5.55568e-06
5.5538e-06
5.55251e-06
5.55113e-06
5.54979e-06
5.54853e-06
5.54806e-06
5.54662e-06
5.54619e-06
5.54504e-06
5.54365e-06
5.54305e-06
5.54223e-06
5.54164e-06
5.5416e-06
5.54086e-06
5.54082e-06
5.54041e-06
5.54021e-06
5.5397e-06
5.53979e-06
5.54007e-06
5.53968e-06
5.53966e-06
5.53938e-06
5.53886e-06
5.53924e-06
5.53979e-06
5.53994e-06
5.54082e-06
5.54111e-06
5.54211e-06
5.54259e-06
5.54309e-06
5.54281e-06
5.54381e-06
5.54361e-06
5.54556e-06
5.54611e-06
5.54724e-06
5.54904e-06
5.54979e-06
5.55034e-06
5.55156e-06
5.55204e-06
5.55249e-06
5.55401e-06
5.55591e-06
5.55818e-06
5.5589e-06
5.56123e-06
5.56095e-06
5.5638e-06
5.56697e-06
5.56935e-06
5.57119e-06
5.57184e-06
5.57456e-06
5.57632e-06
5.57892e-06
5.58061e-06
5.58292e-06
5.5841e-06
5.58723e-06
5.5886e-06
5.59172e-06
5.59547e-06
5.59786e-06
5.60097e-06
5.60157e-06
5.60573e-06
5.61014e-06
5.6133e-06
5.61608e-06
5.61764e-06
5.62158e-06
5.62436e-06
5.628e-06
5.63039e-06
5.63393e-06
5.63576e-06
5.63854e-06
5.64209e-06
5.64632e-06
5.65111e-06
5.65262e-06
5.6575e-06
5.65829e-06
5.65856e-06
5.66486e-06
5.6705e-06
5.67627e-06
5.6771e-06
5.6831e-06
5.68902e-06
5.6926e-06
5.69606e-06
5.69803e-06
5.70439e-06
5.70827e-06
5.71328e-06
5.71577e-06
5.71874e-06
5.72393e-06
5.72959e-06
5.73601e-06
5.73766e-06
5.74434e-06
5.75128e-06
5.7561e-06
5.76143e-06
5.76653e-06
5.77166e-06
5.77548e-06
5.77656e-06
5.78383e-06
5.79008e-06
5.79678e-06
5.79899e-06
5.80619e-06
5.81377e-06
5.81945e-06
5.82511e-06
5.83139e-06
5.83628e-06
5.84009e-06
5.84215e-06
5.83843e-06
5.83467e-06
5.83081e-06
5.82698e-06
5.82337e-06
5.81982e-06
5.81619e-06
5.81259e-06
5.80905e-06
5.8056e-06
5.80214e-06
5.79881e-06
5.79539e-06
5.79192e-06
5.78856e-06
5.7853e-06
5.78206e-06
5.77884e-06
5.77556e-06
5.77237e-06
5.76927e-06
5.76623e-06
5.76324e-06
5.76019e-06
5.75715e-06
5.75427e-06
5.75133e-06
5.74845e-06
5.74559e-06
5.7428e-06
5.74013e-06
5.73744e-06
5.7347e-06
5.73196e-06
5.72936e-06
5.72683e-06
5.7243e-06
5.72173e-06
5.71915e-06
5.71671e-06
5.71423e-06
5.71187e-06
5.70963e-06
5.70734e-06
5.70502e-06
5.70274e-06
5.7005e-06
5.69826e-06
5.69609e-06
5.69395e-06
5.69184e-06
5.68973e-06
5.6876e-06
5.68549e-06
5.68341e-06
5.68151e-06
5.67954e-06
5.67764e-06
5.67583e-06
5.67395e-06
5.6721e-06
5.6703e-06
5.66855e-06
5.6668e-06
5.66519e-06
5.66345e-06
5.66173e-06
5.66009e-06
5.65844e-06
5.65679e-06
5.6552e-06
5.65361e-06
5.65199e-06
5.65048e-06
5.64905e-06
5.64769e-06
5.64631e-06
5.6449e-06
5.6435e-06
5.64226e-06
5.64096e-06
5.63961e-06
5.63833e-06
5.6371e-06
5.63592e-06
5.63471e-06
5.63357e-06
5.63229e-06
5.63115e-06
5.63008e-06
5.62912e-06
5.62814e-06
5.6271e-06
5.62607e-06
5.62511e-06
5.62418e-06
5.6232e-06
5.62221e-06
5.62139e-06
5.62059e-06
5.61984e-06
5.61916e-06
5.61846e-06
5.61764e-06
5.61677e-06
5.61604e-06
5.61539e-06
5.61478e-06
5.61411e-06
5.61345e-06
5.61286e-06
5.61228e-06
5.61174e-06
5.61126e-06
5.61068e-06
5.61012e-06
5.60963e-06
5.6092e-06
5.60874e-06
5.60823e-06
5.6077e-06
5.60744e-06
5.60715e-06
5.60681e-06
5.60648e-06
5.60619e-06
5.60593e-06
5.6057e-06
5.60549e-06
5.60529e-06
5.60508e-06
5.60499e-06
5.60485e-06
5.60482e-06
5.6047e-06
5.60464e-06
5.60456e-06
5.60447e-06
5.60449e-06
5.60459e-06
5.60452e-06
5.60456e-06
5.60468e-06
5.60479e-06
5.6049e-06
5.605e-06
5.60512e-06
5.60525e-06
5.60545e-06
5.60567e-06
5.60588e-06
5.6061e-06
5.60642e-06
5.60675e-06
5.60711e-06
5.60741e-06
5.60781e-06
5.60817e-06
5.60849e-06
5.60896e-06
5.60934e-06
5.60981e-06
5.61027e-06
5.61075e-06
5.61128e-06
5.61181e-06
5.61234e-06
5.61289e-06
5.61345e-06
5.61402e-06
5.6146e-06
5.61523e-06
5.61594e-06
5.61667e-06
5.61742e-06
5.61811e-06
5.61879e-06
5.61956e-06
5.62032e-06
5.62112e-06
5.62194e-06
5.62279e-06
5.62365e-06
5.62453e-06
5.6254e-06
5.62632e-06
5.62722e-06
5.62814e-06
5.62908e-06
5.63006e-06
5.6311e-06
5.63207e-06
5.63314e-06
5.63415e-06
5.63525e-06
5.6363e-06
5.63741e-06
5.63857e-06
5.6396e-06
5.64078e-06
5.64202e-06
5.64324e-06
5.64447e-06
5.6457e-06
5.64695e-06
5.64821e-06
5.64948e-06
5.65076e-06
5.65206e-06
5.65337e-06
5.65472e-06
5.65618e-06
5.65765e-06
5.65912e-06
5.66061e-06
5.66211e-06
5.66355e-06
5.66506e-06
5.66661e-06
5.66807e-06
5.66966e-06
5.67123e-06
5.67283e-06
5.67444e-06
5.67595e-06
5.6776e-06
5.6793e-06
5.68101e-06
5.68275e-06
5.68444e-06
5.68615e-06
5.68786e-06
5.68965e-06
5.69153e-06
5.69329e-06
5.69505e-06
5.69688e-06
5.69887e-06
5.70082e-06
5.70275e-06
5.70458e-06
5.70655e-06
5.70851e-06
5.71048e-06
5.71249e-06
5.71453e-06
5.71651e-06
5.71858e-06
5.7206e-06
5.72272e-06
5.72482e-06
5.72697e-06
5.72913e-06
5.73131e-06
5.7335e-06
5.73571e-06
5.73793e-06
5.74016e-06
5.74244e-06
5.74473e-06
5.74703e-06
5.74932e-06
5.75166e-06
5.75399e-06
5.75643e-06
5.75889e-06
5.76137e-06
5.76387e-06
5.76632e-06
5.76876e-06
5.77127e-06
5.77372e-06
5.77631e-06
5.77888e-06
5.78151e-06
5.78415e-06
5.7868e-06
5.78944e-06
5.79212e-06
5.79483e-06
5.79755e-06
5.80029e-06
5.80303e-06
5.80578e-06
5.80855e-06
5.81134e-06
5.81416e-06
5.81699e-06
5.81984e-06
5.82273e-06
5.82562e-06
5.82861e-06
5.83155e-06
5.83448e-06
5.83749e-06
5.84049e-06
5.84356e-06
5.84667e-06
5.84969e-06
5.85281e-06
5.85599e-06
5.85906e-06
5.86224e-06
5.86547e-06
5.86868e-06
5.87183e-06
5.87501e-06
5.87821e-06
5.88152e-06
5.88484e-06
5.88818e-06
5.89152e-06
5.89488e-06
5.89827e-06
5.90169e-06
5.90513e-06
5.90858e-06
5.91204e-06
5.91553e-06
5.91902e-06
5.92256e-06
5.92611e-06
5.92967e-06
5.93334e-06
5.93695e-06
5.94055e-06
5.94419e-06
5.94787e-06
5.95156e-06
5.95526e-06
5.95896e-06
5.96279e-06
5.96665e-06
5.97053e-06
5.97433e-06
5.97816e-06
5.98213e-06
5.98596e-06
5.98984e-06
5.99383e-06
5.99787e-06
6.00178e-06
6.00583e-06
6.01e-06
6.0141e-06
6.01822e-06
6.02218e-06
6.02634e-06
6.03053e-06
6.03474e-06
6.03897e-06
6.04325e-06
6.04748e-06
6.05176e-06
6.05607e-06
6.06041e-06
6.06476e-06
6.06915e-06
6.07355e-06
6.07798e-06
6.08243e-06
6.0869e-06
6.09139e-06
6.09591e-06
6.10045e-06
6.10501e-06
6.10959e-06
6.1142e-06
6.11883e-06
6.12367e-06
6.12835e-06
6.13303e-06
6.13776e-06
6.14252e-06
6.14727e-06
6.1521e-06
6.15692e-06
6.16177e-06
6.16665e-06
6.17155e-06
6.17646e-06
6.18141e-06
6.18638e-06
6.19137e-06
6.19634e-06
6.20142e-06
6.20649e-06
6.21161e-06
6.21671e-06
6.22185e-06
6.22704e-06
6.23241e-06
6.23782e-06
6.24307e-06
6.24834e-06
6.25365e-06
6.25916e-06
6.2647e-06
6.27025e-06
6.27583e-06
6.28126e-06
6.28669e-06
6.29223e-06
6.29776e-06
6.30328e-06
6.30907e-06
6.31466e-06
6.32045e-06
6.32612e-06
6.33199e-06
6.33766e-06
6.34361e-06
6.34941e-06
6.35521e-06
6.36107e-06
6.36706e-06
6.37294e-06
6.37888e-06
6.38485e-06
6.39084e-06
6.39684e-06
6.40305e-06
6.40931e-06
6.41549e-06
6.42169e-06
6.42784e-06
6.43411e-06
6.44039e-06
6.44674e-06
6.45299e-06
6.45935e-06
6.46566e-06
6.47215e-06
6.47865e-06
6.48513e-06
6.49171e-06
6.49821e-06
6.50469e-06
6.5114e-06
6.51803e-06
6.52475e-06
6.53143e-06
6.53826e-06
6.54502e-06
6.55178e-06
6.55854e-06
6.56542e-06
6.57231e-06
6.57923e-06
6.58628e-06
6.59336e-06
6.60037e-06
6.60741e-06
6.61445e-06
6.62174e-06
6.62893e-06
6.63612e-06
6.64335e-06
6.65063e-06
6.65796e-06
6.66531e-06
6.6727e-06
6.68019e-06
6.68766e-06
6.69529e-06
6.70284e-06
6.71039e-06
6.71801e-06
6.7257e-06
6.73341e-06
6.74111e-06
6.74887e-06
6.75673e-06
6.76461e-06
6.77246e-06
6.78039e-06
6.78842e-06
6.79648e-06
6.80452e-06
6.8126e-06
6.8208e-06
6.82894e-06
6.83705e-06
6.84529e-06
6.85364e-06
6.86203e-06
6.87042e-06
6.87889e-06
6.88731e-06
6.89575e-06
6.90422e-06
6.91286e-06
6.92158e-06
6.93026e-06
6.93891e-06
6.94761e-06
6.95643e-06
6.96526e-06
6.97413e-06
6.98306e-06
6.992e-06
7.00118e-06
7.01021e-06
7.01932e-06
7.02848e-06
7.03775e-06
7.04711e-06
7.05637e-06
7.06563e-06
7.0751e-06
7.08451e-06
7.09401e-06
7.10352e-06
7.11318e-06
7.12274e-06
7.13228e-06
7.14201e-06
7.1519e-06
7.16176e-06
7.17156e-06
7.18154e-06
7.19158e-06
7.20163e-06
7.21164e-06
7.2217e-06
7.23194e-06
7.24229e-06
7.25255e-06
7.26289e-06
7.27334e-06
7.28378e-06
7.29417e-06
7.30475e-06
7.31546e-06
7.32617e-06
7.33678e-06
7.34763e-06
7.35865e-06
7.36938e-06
7.38014e-06
7.39131e-06
7.40253e-06
7.41353e-06
7.42454e-06
7.43613e-06
7.44751e-06
7.45843e-06
7.46991e-06
7.48191e-06
7.49335e-06
7.50441e-06
7.51638e-06
7.52884e-06
7.54012e-06
7.55126e-06
7.56377e-06
7.57629e-06
7.58753e-06
7.59928e-06
7.61242e-06
7.62457e-06
7.63581e-06
7.64876e-06
7.66225e-06
7.67374e-06
7.68307e-06
7.68429e-06
7.68655e-06
7.68648e-06
7.6886e-06
7.69065e-06
7.69118e-06
7.69339e-06
7.69509e-06
7.6973e-06
7.69793e-06
7.6999e-06
7.7046e-06
7.70503e-06
7.70571e-06
7.71066e-06
7.71355e-06
7.71359e-06
7.71601e-06
7.72275e-06
7.72433e-06
7.72259e-06
7.73036e-06
7.7366e-06
7.73304e-06
7.73638e-06
7.74796e-06
7.74892e-06
7.74214e-06
7.75377e-06
7.7675e-06
7.75587e-06
7.75514e-06
7.78093e-06
7.78095e-06
7.76073e-06
7.78051e-06
7.80983e-06
7.7825e-06
7.77038e-06
7.82512e-06
7.82652e-06
7.76969e-06
7.80882e-06
7.87836e-06
7.80911e-06
7.76889e-06
7.89249e-06
7.90098e-06
7.75281e-06
7.83175e-06
8.00511e-06
7.82649e-06
7.71987e-06
8.01651e-06
8.02999e-06
7.65591e-06
7.84537e-06
8.28324e-06
7.7851e-06
7.47325e-06
8.30665e-06
8.2767e-06
6.89897e-06
7.79784e-06
8.39006e-06
7.71381e-06
6.2547e-06
8.55107e-06
8.09129e-06
6.15522e-06
6.08221e-06
8.26096e-06
7.96562e-06
5.54245e-06
6.05469e-06
7.85627e-06
7.71749e-06
5.34253e-06
5.71683e-06
7.99976e-06
7.38361e-06
5.83411e-06
5.30851e-06
8.76573e-06
7.06008e-06
6.73021e-06
4.65028e-06
7.79229e-06
6.26968e-06
8.52659e-06
3.58543e-06
4.9792e-06
6.53446e-06
4.64061e-06
7.48895e-06
3.50719e-06
4.07917e-06
8.32704e-06
4.60759e-06
6.42805e-06
3.20396e-06
3.18583e-06
4.77598e-06
7.22042e-06
4.96076e-06
8.0363e-06
3.41166e-06
4.32559e-06
7.832e-06
4.37844e-06
6.12533e-06
3.63183e-06
3.37342e-06
4.93604e-06
7.8051e-06
5.49733e-06
8.78387e-06
3.61019e-06
5.39972e-06
5.6088e-06
4.48393e-06
7.52174e-06
3.72236e-06
4.35743e-06
8.63073e-06
4.76136e-06
7.64499e-06
2.90722e-06
3.38523e-06
6.14317e-06
4.08566e-06
3.8011e-06
7.107e-06
3.29544e-06
3.59858e-06
6.77599e-06
4.60246e-06
4.75461e-06
7.7466e-06
3.31202e-06
4.60827e-06
7.44681e-06
4.52973e-06
6.72974e-06
3.69766e-06
3.83084e-06
7.17163e-06
4.98288e-06
5.62769e-06
5.23098e-06
3.86042e-06
5.64676e-06
7.50541e-06
6.39228e-06
7.15162e-06
5.10526e-06
8.74085e-06
6.11748e-06
8.89042e-06
3.73591e-06
5.85882e-06
5.09937e-06
4.42331e-06
8.00576e-06
3.55281e-06
4.51991e-06
7.26398e-06
4.34398e-06
5.80516e-06
4.43292e-06
3.73638e-06
5.63832e-06
7.11412e-06
5.9683e-06
8.13719e-06
4.8266e-06
8.51261e-06
5.4169e-06
8.1216e-06
3.28849e-06
4.19349e-06
7.24534e-06
3.92817e-06
4.57318e-06
6.47202e-06
3.09788e-06
3.95265e-06
7.77799e-06
4.4367e-06
5.25879e-06
4.86155e-06
3.43356e-06
4.55462e-06
9.39781e-06
5.22762e-06
8.91852e-06
3.02555e-06
4.18266e-06
5.88737e-06
3.36983e-06
3.52311e-06
6.54035e-06
3.4435e-06
3.49005e-06
5.9654e-06
5.31885e-06
4.71535e-06
8.94834e-06
3.76893e-06
5.74363e-06
4.87657e-06
4.06819e-06
6.31932e-06
4.62169e-06
4.44944e-06
8.78497e-06
5.12593e-06
7.69751e-06
3.2448e-06
3.91134e-06
8.24314e-06
3.83447e-06
4.36538e-06
5.59651e-06
2.76449e-06
3.22532e-06
5.18529e-06
6.03283e-06
4.36904e-06
6.42027e-06
4.81932e-06
4.79097e-06
9.57122e-06
5.24393e-06
9.15689e-06
3.2346e-06
4.65556e-06
5.15615e-06
3.35022e-06
3.70843e-06
6.85485e-06
3.70052e-06
3.98727e-06
8.01826e-06
4.37545e-06
5.09695e-06
5.06042e-06
3.41004e-06
4.51856e-06
9.18696e-06
4.87717e-06
7.79893e-06
3.10828e-06
3.81478e-06
7.99337e-06
3.57092e-06
3.80136e-06
8.51807e-06
2.0465e-06
2.97148e-06
4.74432e-06
3.47281e-06
2.81788e-06
3.05997e-06
4.30341e-06
8.98344e-06
3.31932e-06
4.96007e-06
5.07984e-06
3.50913e-06
4.14718e-06
9.20372e-06
3.46116e-06
5.14378e-06
4.68498e-06
3.41923e-06
4.07765e-06
8.95008e-06
3.46963e-06
4.97815e-06
4.97137e-06
3.47135e-06
4.05551e-06
8.64089e-06
3.53013e-06
4.92279e-06
5.30493e-06
3.60165e-06
4.24182e-06
9.48565e-06
3.58944e-06
5.72172e-06
4.13421e-06
3.38781e-06
4.47704e-06
9.26462e-06
3.71916e-06
6.35378e-06
4.14816e-06
3.70611e-06
6.10927e-06
4.43353e-06
4.18965e-06
8.23232e-06
4.66925e-06
5.60377e-06
4.73603e-06
3.85157e-06
6.08435e-06
5.86694e-06
5.11749e-06
9.81412e-06
4.79224e-06
9.81949e-06
4.17812e-06
5.54796e-06
3.25944e-06
2.85909e-06
3.66051e-06
6.54988e-06
4.45934e-06
4.18224e-06
8.4532e-06
3.64824e-06
5.23337e-06
5.01905e-06
3.72181e-06
4.61296e-06
9.71e-06
4.20538e-06
8.50996e-06
3.84156e-06
4.1798e-06
6.35934e-06
2.71136e-06
3.2806e-06
5.78553e-06
4.37047e-06
3.6161e-06
5.08915e-06
6.95104e-06
4.3992e-06
7.98783e-06
4.68127e-06
5.37062e-06
5.60643e-06
4.07774e-06
6.73536e-06
5.30103e-06
5.15935e-06
9.48167e-06
5.01405e-06
9.88318e-06
4.59961e-06
6.96074e-06
3.11079e-06
3.48251e-06
6.9036e-06
3.82223e-06
3.54425e-06
6.66343e-06
3.48573e-06
3.74085e-06
7.88879e-06
3.96279e-06
4.10566e-06
8.64324e-06
2.96819e-06
4.24683e-06
5.96931e-06
3.17266e-06
3.26399e-06
5.28996e-06
4.88958e-06
3.72773e-06
5.57465e-06
6.33369e-06
4.7898e-06
7.39216e-06
5.1457e-06
7.13404e-06
4.97125e-06
4.98051e-06
9.10221e-06
4.6971e-06
1.0297e-05
4.26761e-06
5.92537e-06
3.04352e-06
2.91415e-06
4.08995e-06
7.73547e-06
3.81235e-06
4.04812e-06
8.51066e-06
3.06353e-06
4.43386e-06
5.6512e-06
3.24784e-06
3.42112e-06
5.49367e-06
5.12195e-06
4.1784e-06
7.42475e-06
4.78459e-06
5.02861e-06
7.8764e-06
4.53553e-06
9.35296e-06
4.28451e-06
5.25633e-06
4.0597e-06
3.22846e-06
4.33582e-06
9.13785e-06
4.20763e-06
5.24476e-06
4.263e-06
3.38262e-06
4.70822e-06
8.30431e-06
4.31966e-06
5.63157e-06
4.92563e-06
4.26065e-06
8.20983e-06
4.49143e-06
5.04134e-06
6.00937e-06
3.93682e-06
6.35047e-06
5.15312e-06
4.59761e-06
8.09044e-06
4.82151e-06
8.00322e-06
4.22797e-06
4.42605e-06
7.89595e-06
3.42921e-06
5.32325e-06
4.96957e-06
3.69771e-06
4.45343e-06
9.33729e-06
4.50644e-06
9.41547e-06
3.73421e-06
4.13883e-06
5.18468e-06
2.58399e-06
2.93531e-06
4.36881e-06
6.76799e-06
3.64458e-06
3.81246e-06
7.50586e-06
3.59149e-06
4.68757e-06
6.26732e-06
3.64963e-06
4.10521e-06
8.09394e-06
3.97082e-06
5.98785e-06
4.42998e-06
3.74463e-06
5.08856e-06
7.85562e-06
5.30183e-06
8.7547e-06
4.64061e-06
6.28962e-06
4.59683e-06
4.87886e-06
8.34732e-06
4.39821e-06
5.60738e-06
5.19308e-06
4.54616e-06
9.25037e-06
4.35586e-06
5.33536e-06
4.44551e-06
3.62037e-06
5.54076e-06
5.83268e-06
4.33888e-06
5.74045e-06
7.30613e-06
7.06338e-06
5.81656e-06
5.42893e-06
9.26635e-06
7.03617e-06
6.26782e-06
5.17529e-06
8.30085e-06
6.15518e-06
8.51145e-06
4.61977e-06
6.03939e-06
4.99507e-06
5.09106e-06
7.95594e-06
4.48573e-06
5.67719e-06
5.8431e-06
5.34853e-06
7.92263e-06
4.6739e-06
6.10892e-06
5.7491e-06
6.20291e-06
5.9745e-06
4.8497e-06
7.25206e-06
6.33478e-06
9.30716e-06
4.62696e-06
5.91337e-06
4.4804e-06
4.3839e-06
9.17833e-06
4.09271e-06
4.74618e-06
5.11916e-06
3.34785e-06
4.56474e-06
8.15867e-06
3.98532e-06
4.57434e-06
7.04996e-06
3.84322e-06
6.45678e-06
4.39038e-06
3.89599e-06
5.83254e-06
6.07219e-06
6.16806e-06
6.10283e-06
4.81516e-06
6.86655e-06
6.83518e-06
9.0218e-06
4.77501e-06
6.06335e-06
5.01189e-06
5.23561e-06
7.22021e-06
4.41331e-06
5.35825e-06
7.53147e-06
6.37577e-06
6.1828e-06
4.89384e-06
6.98005e-06
6.96783e-06
8.57699e-06
4.80715e-06
6.08857e-06
5.59539e-06
6.13031e-06
5.80663e-06
4.63356e-06
6.41117e-06
7.23296e-06
8.99534e-06
4.82981e-06
5.95971e-06
5.36472e-06
5.54709e-06
6.64187e-06
4.49694e-06
5.55047e-06
8.00761e-06
8.05247e-06
5.15329e-06
5.31554e-06
8.07854e-06
6.73678e-06
5.93751e-06
4.87143e-06
7.06386e-06
7.08629e-06
8.02599e-06
4.79544e-06
5.98222e-06
6.48674e-06
7.42449e-06
5.03043e-06
4.86567e-06
8.30927e-06
6.03482e-06
7.26879e-06
4.41032e-06
5.22829e-06
7.80125e-06
6.68308e-06
5.79006e-06
4.78842e-06
6.83578e-06
7.35606e-06
7.85348e-06
4.84638e-06
6.01128e-06
6.94606e-06
7.89358e-06
4.86239e-06
5.04742e-06
8.09274e-06
6.23448e-06
6.38393e-06
4.57082e-06
5.69802e-06
7.95299e-06
8.38896e-06
5.01153e-06
5.48322e-06
7.58026e-06
7.3173e-06
5.29892e-06
4.87682e-06
7.65187e-06
6.76376e-06
6.9816e-06
4.60867e-06
5.63202e-06
7.71297e-06
8.0364e-06
4.98741e-06
5.18143e-06
8.03601e-06
7.06214e-06
5.6285e-06
4.74324e-06
6.79636e-06
7.41623e-06
7.44329e-06
4.80399e-06
5.81788e-06
7.56091e-06
8.19693e-06
4.88579e-06
5.24262e-06
7.72619e-06
7.01561e-06
5.52072e-06
4.71773e-06
6.7815e-06
7.40567e-06
7.32058e-06
4.78883e-06
5.74024e-06
7.66619e-06
8.16011e-06
4.92944e-06
5.24263e-06
7.83989e-06
7.30297e-06
5.37295e-06
4.76035e-06
6.98259e-06
7.29503e-06
7.01806e-06
4.72984e-06
5.7193e-06
7.72159e-06
8.13602e-06
4.94408e-06
5.27106e-06
7.86199e-06
7.41816e-06
5.30084e-06
4.80975e-06
7.02631e-06
7.31109e-06
6.74141e-06
4.75184e-06
5.7791e-06
7.78368e-06
7.80026e-06
5.0325e-06
5.36964e-06
7.97826e-06
7.80091e-06
5.22519e-06
5.01939e-06
7.30407e-06
7.39649e-06
6.00712e-06
4.81959e-06
6.19295e-06
7.73585e-06
7.14857e-06
5.06699e-06
5.6899e-06
7.7592e-06
7.56382e-06
5.29573e-06
5.3844e-06
7.27674e-06
7.82227e-06
5.58564e-06
5.17479e-06
6.83605e-06
7.80423e-06
6.07183e-06
5.13256e-06
6.43236e-06
7.70774e-06
6.63486e-06
5.23468e-06
6.00444e-06
7.40566e-06
6.96874e-06
5.4568e-06
5.65325e-06
6.90471e-06
7.13899e-06
5.85081e-06
5.50065e-06
6.48082e-06
7.07026e-06
6.36549e-06
5.55758e-06
6.11667e-06
6.82566e-06
6.6035e-06
5.76791e-06
5.84697e-06
6.51923e-06
6.6654e-06
6.09301e-06
5.79166e-06
6.27767e-06
6.57937e-06
6.34414e-06
5.88235e-06
6.05473e-06
6.41413e-06
6.41075e-06
6.05757e-06
5.96502e-06
6.26187e-06
6.38023e-06
6.22746e-06
5.99015e-06
6.13222e-06
6.30228e-06
6.26616e-06
6.07391e-06
6.05318e-06
6.21289e-06
6.25322e-06
6.16231e-06
6.04934e-06
6.13678e-06
6.21321e-06
6.18387e-06
6.08379e-06
6.07981e-06
6.15899e-06
6.17295e-06
6.12271e-06
6.06693e-06
6.11135e-06
6.14505e-06
6.12788e-06
6.07681e-06
6.07315e-06
6.11023e-06
6.11467e-06
6.08901e-06
6.05914e-06
6.07734e-06
6.09238e-06
6.08284e-06
6.05728e-06
6.05141e-06
6.06721e-06
6.06818e-06
6.05519e-06
6.0379e-06
6.04257e-06
6.04862e-06
6.04298e-06
6.02996e-06
6.02337e-06
6.02837e-06
6.02765e-06
6.02051e-06
6.01038e-06
6.0091e-06
6.01045e-06
6.00678e-06
5.99957e-06
5.9935e-06
5.99332e-06
5.99141e-06
5.98669e-06
5.98036e-06
5.97701e-06
5.97556e-06
5.97242e-06
5.96769e-06
5.9629e-06
5.96036e-06
5.95774e-06
5.95412e-06
5.9499e-06
5.94618e-06
5.94314e-06
5.94017e-06
5.93641e-06
5.93252e-06
5.92931e-06
5.92632e-06
5.92303e-06
5.91945e-06
5.916e-06
5.91288e-06
5.90978e-06
5.90654e-06
5.90312e-06
5.89985e-06
5.89676e-06
5.89372e-06
5.89053e-06
5.88728e-06
5.88414e-06
5.88111e-06
5.87808e-06
5.87497e-06
5.87189e-06
5.86888e-06
5.86591e-06
5.86296e-06
5.86002e-06
5.85699e-06
5.85406e-06
5.85113e-06
5.84818e-06
5.84527e-06
5.84239e-06
5.83958e-06
5.83679e-06
5.83402e-06
5.8313e-06
5.82861e-06
5.82586e-06
5.82309e-06
5.82035e-06
5.81768e-06
5.81498e-06
5.81231e-06
5.80964e-06
5.80693e-06
5.80433e-06
5.80185e-06
5.79926e-06
5.79675e-06
5.79434e-06
5.79185e-06
5.78941e-06
5.78695e-06
5.78447e-06
5.78199e-06
5.77965e-06
5.77737e-06
5.77498e-06
5.77269e-06
5.77041e-06
5.76817e-06
5.76594e-06
5.76366e-06
5.76141e-06
5.75913e-06
5.75699e-06
5.75475e-06
5.75256e-06
5.75038e-06
5.74831e-06
5.74615e-06
5.74409e-06
5.74191e-06
5.73981e-06
5.73772e-06
5.73575e-06
5.73379e-06
5.73177e-06
5.72973e-06
5.72772e-06
5.72569e-06
5.72385e-06
5.72206e-06
5.72018e-06
5.71831e-06
5.71652e-06
5.71473e-06
5.71297e-06
5.71123e-06
5.70946e-06
5.70771e-06
5.70593e-06
5.70423e-06
5.70252e-06
5.7009e-06
5.69918e-06
5.69754e-06
5.69585e-06
5.69424e-06
5.69256e-06
5.69091e-06
5.68935e-06
5.68784e-06
5.68635e-06
5.68481e-06
5.68334e-06
5.68192e-06
5.68052e-06
5.67914e-06
5.6777e-06
5.67628e-06
5.67491e-06
5.67356e-06
5.67223e-06
5.67089e-06
5.66956e-06
5.66835e-06
5.66712e-06
5.66593e-06
5.66464e-06
5.66346e-06
5.66228e-06
5.66109e-06
5.65998e-06
5.65891e-06
5.6578e-06
5.6567e-06
5.65565e-06
5.65463e-06
5.65362e-06
5.65266e-06
5.65162e-06
5.65072e-06
5.64977e-06
5.64885e-06
5.64785e-06
5.64689e-06
5.64609e-06
5.64526e-06
5.64446e-06
5.64364e-06
5.64282e-06
5.64194e-06
5.64124e-06
5.64054e-06
5.63981e-06
5.6391e-06
5.63842e-06
5.63775e-06
5.63709e-06
5.63645e-06
5.63581e-06
5.63529e-06
5.63479e-06
5.63415e-06
5.63362e-06
5.63307e-06
5.63265e-06
5.63222e-06
5.63163e-06
5.63123e-06
5.63086e-06
5.63036e-06
5.63004e-06
5.62965e-06
5.62929e-06
5.62902e-06
5.6287e-06
5.62842e-06
5.62825e-06
5.6281e-06
5.62784e-06
5.62765e-06
5.62746e-06
5.62729e-06
5.62713e-06
5.62697e-06
5.6269e-06
5.62687e-06
5.62685e-06
5.62685e-06
5.62691e-06
5.62696e-06
5.62702e-06
5.62705e-06
5.62712e-06
5.62725e-06
5.62737e-06
5.62747e-06
5.62769e-06
5.62785e-06
5.62812e-06
5.62836e-06
5.62863e-06
5.62888e-06
5.62915e-06
5.62948e-06
5.62989e-06
5.6303e-06
5.63071e-06
5.63117e-06
5.6316e-06
5.63202e-06
5.63246e-06
5.63305e-06
5.63364e-06
5.63427e-06
5.63485e-06
5.63545e-06
5.63611e-06
5.6368e-06
5.63749e-06
5.63816e-06
5.63887e-06
5.63967e-06
5.64043e-06
5.64119e-06
5.64199e-06
5.64283e-06
5.6437e-06
5.64454e-06
5.64553e-06
5.64652e-06
5.64741e-06
5.64849e-06
5.64958e-06
5.65061e-06
5.65176e-06
5.6529e-06
5.65406e-06
5.65522e-06
5.65645e-06
5.65766e-06
5.65895e-06
5.66017e-06
5.66152e-06
5.66276e-06
5.66413e-06
5.66548e-06
5.66692e-06
5.66833e-06
5.66989e-06
5.67131e-06
5.67276e-06
5.67431e-06
5.67588e-06
5.67753e-06
5.67924e-06
5.68091e-06
5.68261e-06
5.68429e-06
5.68601e-06
5.68787e-06
5.68974e-06
5.69165e-06
5.69361e-06
5.69544e-06
5.69735e-06
5.69938e-06
5.70133e-06
5.70341e-06
5.70549e-06
5.70766e-06
5.70974e-06
5.71187e-06
5.71402e-06
5.71632e-06
5.71856e-06
5.72075e-06
5.72322e-06
5.72561e-06
5.72791e-06
5.73027e-06
5.73274e-06
5.73522e-06
5.73767e-06
5.74015e-06
5.74277e-06
5.74548e-06
5.74809e-06
5.75074e-06
5.75336e-06
5.75611e-06
5.75899e-06
5.76165e-06
5.76458e-06
5.76744e-06
5.77036e-06
5.77337e-06
5.77643e-06
5.77937e-06
5.78249e-06
5.78575e-06
5.78885e-06
5.7919e-06
5.79518e-06
5.79838e-06
5.80165e-06
5.80496e-06
5.80823e-06
5.81168e-06
5.81522e-06
5.81885e-06
5.8224e-06
5.82598e-06
5.82964e-06
5.83333e-06
5.83697e-06
5.8407e-06
5.84432e-06
5.84813e-06
5.85201e-06
5.85569e-06
5.85961e-06
5.86355e-06
5.86759e-06
5.87162e-06
5.87577e-06
5.87991e-06
5.88413e-06
5.88838e-06
5.89262e-06
5.89677e-06
5.90103e-06
5.90548e-06
5.9099e-06
5.91437e-06
5.91895e-06
5.92347e-06
5.9279e-06
5.93252e-06
5.9373e-06
5.94196e-06
5.94677e-06
5.95152e-06
5.95641e-06
5.96146e-06
5.96637e-06
5.97128e-06
5.97631e-06
5.98129e-06
5.98646e-06
5.99202e-06
5.99733e-06
6.00272e-06
6.00778e-06
6.01318e-06
6.01867e-06
6.02422e-06
6.02997e-06
6.0358e-06
6.04135e-06
6.04675e-06
6.05251e-06
6.05865e-06
6.06434e-06
6.07048e-06
6.07643e-06
6.08241e-06
6.08827e-06
6.0949e-06
6.10097e-06
6.10598e-06
6.11341e-06
6.12012e-06
6.1264e-06
6.13242e-06
6.13907e-06
6.14448e-06
6.15236e-06
6.15937e-06
6.16602e-06
6.17272e-06
6.1796e-06
6.18641e-06
6.1932e-06
6.20015e-06
6.20722e-06
6.21417e-06
6.22118e-06
6.22816e-06
6.23518e-06
6.24227e-06
6.24938e-06
6.2564e-06
6.26345e-06
6.27091e-06
6.27815e-06
6.28582e-06
6.29338e-06
6.30099e-06
6.30889e-06
6.31671e-06
6.32412e-06
6.33071e-06
6.3385e-06
6.34167e-06
6.34817e-06
6.3576e-06
6.36446e-06
6.372e-06
6.37899e-06
6.37431e-06
6.37022e-06
6.36651e-06
6.36267e-06
6.35919e-06
6.35668e-06
6.35562e-06
6.35365e-06
6.35282e-06
6.35185e-06
6.35027e-06
6.3509e-06
6.34972e-06
6.35181e-06
6.35041e-06
6.35057e-06
6.34663e-06
6.35179e-06
6.34178e-06
6.33188e-06
6.3215e-06
6.3214e-06
6.31104e-06
6.31577e-06
6.31148e-06
6.31677e-06
6.30633e-06
6.31961e-06
6.32697e-06
6.3276e-06
6.32593e-06
6.32084e-06
6.31704e-06
6.31355e-06
6.30976e-06
6.30687e-06
6.30342e-06
6.30114e-06
6.29908e-06
6.29538e-06
6.29272e-06
6.29e-06
6.28692e-06
6.2852e-06
6.28305e-06
6.28156e-06
6.27964e-06
6.27812e-06
6.27639e-06
6.27539e-06
6.27498e-06
6.27401e-06
6.27349e-06
6.27415e-06
6.27468e-06
6.27559e-06
6.2766e-06
6.27749e-06
6.27775e-06
6.27665e-06
6.27477e-06
6.27562e-06
6.27568e-06
6.27812e-06
6.28176e-06
6.28336e-06
6.28024e-06
6.27693e-06
6.27424e-06
6.27183e-06
6.26955e-06
6.26685e-06
6.26465e-06
6.26232e-06
6.25948e-06
6.25704e-06
6.25494e-06
6.25274e-06
6.2507e-06
6.24899e-06
6.24718e-06
6.24561e-06
6.24416e-06
6.24256e-06
6.24098e-06
6.24005e-06
6.23889e-06
6.23803e-06
6.23719e-06
6.2364e-06
6.23676e-06
6.2368e-06
6.23714e-06
6.23814e-06
6.23918e-06
6.24019e-06
6.24104e-06
6.24163e-06
6.24271e-06
6.24467e-06
6.24732e-06
6.25131e-06
6.25534e-06
6.25935e-06
6.2632e-06
6.26642e-06
6.26946e-06
6.27247e-06
6.27517e-06
6.27813e-06
6.28104e-06
6.28349e-06
6.28652e-06
6.2902e-06
6.29336e-06
6.29699e-06
6.30098e-06
6.3048e-06
6.30866e-06
6.31197e-06
6.31147e-06
6.3072e-06
6.30247e-06
6.29594e-06
6.28993e-06
6.28298e-06
6.27567e-06
6.26852e-06
6.26155e-06
6.25524e-06
6.24869e-06
6.24132e-06
6.23414e-06
6.2281e-06
6.22124e-06
6.21463e-06
6.20791e-06
6.20194e-06
6.19588e-06
6.18858e-06
6.1823e-06
6.17617e-06
6.16974e-06
6.16362e-06
6.15729e-06
6.151e-06
6.14456e-06
6.13857e-06
6.13264e-06
6.12648e-06
6.12141e-06
6.1163e-06
6.11158e-06
6.10677e-06
6.10272e-06
6.09937e-06
6.097e-06
6.09525e-06
6.09403e-06
6.09283e-06
6.09252e-06
6.09285e-06
6.09101e-06
6.0925e-06
6.09431e-06
6.09378e-06
6.09552e-06
6.09705e-06
6.098e-06
6.09953e-06
6.09843e-06
6.10101e-06
6.10356e-06
6.10365e-06
6.10617e-06
6.10777e-06
6.1095e-06
6.11126e-06
6.11072e-06
6.11397e-06
6.11648e-06
6.11726e-06
6.12067e-06
6.12259e-06
6.12502e-06
6.12687e-06
6.1272e-06
6.13131e-06
6.13414e-06
6.13594e-06
6.13999e-06
6.14225e-06
6.14477e-06
6.14748e-06
6.1505e-06
6.1545e-06
6.15822e-06
6.15941e-06
6.16419e-06
6.16794e-06
6.17051e-06
6.17534e-06
6.17845e-06
6.18178e-06
6.18482e-06
6.18649e-06
6.19239e-06
6.19656e-06
6.19898e-06
6.20488e-06
6.20886e-06
6.2117e-06
6.21785e-06
6.22164e-06
6.22583e-06
6.23022e-06
6.23291e-06
6.23941e-06
6.24391e-06
6.24721e-06
6.25389e-06
6.25853e-06
6.26183e-06
6.26912e-06
6.27397e-06
6.27815e-06
6.28525e-06
6.28985e-06
6.29469e-06
6.30107e-06
6.3062e-06
6.31177e-06
6.31709e-06
6.32306e-06
6.32772e-06
6.33364e-06
6.34047e-06
6.345e-06
6.35143e-06
6.35871e-06
6.36352e-06
6.37023e-06
6.37785e-06
6.38433e-06
6.3852e-06
6.37812e-06
6.37118e-06
6.36409e-06
6.35693e-06
6.34977e-06
6.34308e-06
6.33626e-06
6.32946e-06
6.32252e-06
6.31594e-06
6.30945e-06
6.30286e-06
6.29609e-06
6.28961e-06
6.28311e-06
6.27686e-06
6.27024e-06
6.26384e-06
6.25749e-06
6.2514e-06
6.24522e-06
6.23904e-06
6.23283e-06
6.22689e-06
6.22081e-06
6.21484e-06
6.20871e-06
6.20287e-06
6.19699e-06
6.19126e-06
6.18526e-06
6.17956e-06
6.17388e-06
6.1682e-06
6.16256e-06
6.15692e-06
6.15136e-06
6.14571e-06
6.14019e-06
6.13453e-06
6.12892e-06
6.12342e-06
6.11807e-06
6.11247e-06
6.10711e-06
6.10181e-06
6.09655e-06
6.09125e-06
6.08603e-06
6.08076e-06
6.07553e-06
6.07033e-06
6.06512e-06
6.06e-06
6.05498e-06
6.04996e-06
6.04496e-06
6.04007e-06
6.03528e-06
6.03044e-06
6.02563e-06
6.02081e-06
6.01602e-06
6.01133e-06
6.00663e-06
6.00182e-06
5.99715e-06
5.99267e-06
5.98817e-06
5.98367e-06
5.97916e-06
5.97477e-06
5.97033e-06
5.966e-06
5.96169e-06
5.95738e-06
5.9532e-06
5.94898e-06
5.94481e-06
5.94066e-06
5.93661e-06
5.93251e-06
5.92843e-06
5.92436e-06
5.92038e-06
5.91645e-06
5.91261e-06
5.90863e-06
5.90478e-06
5.90101e-06
5.89724e-06
5.89349e-06
5.88977e-06
5.88612e-06
5.88249e-06
5.87884e-06
5.8753e-06
5.87169e-06
5.86822e-06
5.86486e-06
5.86143e-06
5.85793e-06
5.85449e-06
5.85116e-06
5.84781e-06
5.84458e-06
5.84126e-06
5.83809e-06
5.83478e-06
5.83174e-06
5.82865e-06
5.82551e-06
5.82252e-06
5.81942e-06
5.8164e-06
5.81342e-06
5.81055e-06
5.8077e-06
5.80482e-06
5.80191e-06
5.79899e-06
5.7961e-06
5.79331e-06
5.79068e-06
5.78805e-06
5.78542e-06
5.78276e-06
5.78007e-06
5.7775e-06
5.77501e-06
5.77255e-06
5.77005e-06
5.76755e-06
5.76508e-06
5.76265e-06
5.76025e-06
5.75799e-06
5.7556e-06
5.75337e-06
5.75117e-06
5.74884e-06
5.74663e-06
5.74447e-06
5.74232e-06
5.74026e-06
5.73815e-06
5.73605e-06
5.73396e-06
5.73195e-06
5.73011e-06
5.72816e-06
5.72614e-06
5.72418e-06
5.72239e-06
5.72052e-06
5.71872e-06
5.71679e-06
5.71501e-06
5.71327e-06
5.71166e-06
5.71002e-06
5.70837e-06
5.70677e-06
5.7052e-06
5.70351e-06
5.70194e-06
5.70041e-06
5.69887e-06
5.69731e-06
5.69592e-06
5.69457e-06
5.69324e-06
5.69186e-06
5.69049e-06
5.68916e-06
5.68784e-06
5.68664e-06
5.68543e-06
5.68418e-06
5.68295e-06
5.6819e-06
5.6808e-06
5.67971e-06
5.67849e-06
5.67732e-06
5.67628e-06
5.67526e-06
5.67431e-06
5.67329e-06
5.67232e-06
5.67139e-06
5.67054e-06
5.6697e-06
5.66885e-06
5.66806e-06
5.66728e-06
5.66647e-06
5.66566e-06
5.66495e-06
5.66421e-06
5.66371e-06
5.66302e-06
5.66223e-06
5.66157e-06
5.66105e-06
5.66049e-06
5.65999e-06
5.65934e-06
5.65879e-06
5.65831e-06
5.6579e-06
5.65756e-06
5.65709e-06
5.65664e-06
5.65626e-06
5.65591e-06
5.65555e-06
5.65525e-06
5.65497e-06
5.65481e-06
5.65462e-06
5.6544e-06
5.6542e-06
5.65408e-06
5.65391e-06
5.65383e-06
5.65373e-06
5.65363e-06
5.65352e-06
5.65351e-06
5.65351e-06
5.65349e-06
5.65349e-06
5.65363e-06
5.65365e-06
5.6538e-06
5.65401e-06
5.65409e-06
5.65428e-06
5.65447e-06
5.65473e-06
5.655e-06
5.65528e-06
5.65557e-06
5.65585e-06
5.65616e-06
5.65645e-06
5.65676e-06
5.65712e-06
5.65756e-06
5.658e-06
5.65839e-06
5.65886e-06
5.65943e-06
5.65989e-06
5.66037e-06
5.66091e-06
5.66147e-06
5.66211e-06
5.66271e-06
5.66323e-06
5.66388e-06
5.66458e-06
5.66532e-06
5.66603e-06
5.66674e-06
5.66757e-06
5.66833e-06
5.66913e-06
5.66991e-06
5.67073e-06
5.67164e-06
5.67255e-06
5.6734e-06
5.67437e-06
5.67536e-06
5.67633e-06
5.67731e-06
5.67832e-06
5.67938e-06
5.68047e-06
5.68156e-06
5.68252e-06
5.68361e-06
5.68472e-06
5.68586e-06
5.68702e-06
5.68818e-06
5.68936e-06
5.69065e-06
5.69186e-06
5.69316e-06
5.69443e-06
5.6957e-06
5.69705e-06
5.69833e-06
5.69965e-06
5.70099e-06
5.70242e-06
5.70388e-06
5.70535e-06
5.70683e-06
5.70832e-06
5.70984e-06
5.71136e-06
5.71289e-06
5.71444e-06
5.71601e-06
5.71759e-06
5.71919e-06
5.72084e-06
5.72248e-06
5.72414e-06
5.72583e-06
5.72752e-06
5.72928e-06
5.73097e-06
5.73278e-06
5.73456e-06
5.73647e-06
5.73822e-06
5.74006e-06
5.74196e-06
5.7438e-06
5.74574e-06
5.74769e-06
5.74965e-06
5.75163e-06
5.75362e-06
5.75563e-06
5.75765e-06
5.75968e-06
5.76173e-06
5.76378e-06
5.7659e-06
5.76799e-06
5.77017e-06
5.77233e-06
5.77449e-06
5.77665e-06
5.77891e-06
5.78114e-06
5.78333e-06
5.78566e-06
5.78791e-06
5.79024e-06
5.79253e-06
5.79493e-06
5.79735e-06
5.79975e-06
5.80216e-06
5.80455e-06
5.80696e-06
5.80945e-06
5.81193e-06
5.81445e-06
5.81698e-06
5.81955e-06
5.82214e-06
5.82473e-06
5.82734e-06
5.82994e-06
5.8326e-06
5.83525e-06
5.83803e-06
5.84079e-06
5.84352e-06
5.84626e-06
5.84909e-06
5.85188e-06
5.85475e-06
5.85756e-06
5.86047e-06
5.86328e-06
5.86622e-06
5.86918e-06
5.87209e-06
5.87501e-06
5.87802e-06
5.88106e-06
5.88414e-06
5.88723e-06
5.89031e-06
5.89341e-06
5.89655e-06
5.89968e-06
5.90286e-06
5.90604e-06
5.90924e-06
5.91247e-06
5.91572e-06
5.91908e-06
5.92236e-06
5.92565e-06
5.92898e-06
5.93231e-06
5.9357e-06
5.93907e-06
5.94258e-06
5.94603e-06
5.94943e-06
5.9529e-06
5.95638e-06
5.95987e-06
5.96339e-06
5.96692e-06
5.97052e-06
5.97415e-06
5.97784e-06
5.98155e-06
5.98521e-06
5.98896e-06
5.99274e-06
5.99646e-06
6.00028e-06
6.00404e-06
6.00789e-06
6.01176e-06
6.01557e-06
6.01949e-06
6.02344e-06
6.0274e-06
6.03139e-06
6.03539e-06
6.03941e-06
6.04346e-06
6.04752e-06
6.05161e-06
6.05573e-06
6.05988e-06
6.06404e-06
6.06822e-06
6.07243e-06
6.07666e-06
6.08091e-06
6.08518e-06
6.08947e-06
6.09379e-06
6.09822e-06
6.10258e-06
6.10696e-06
6.11138e-06
6.11578e-06
6.12028e-06
6.12484e-06
6.12943e-06
6.13405e-06
6.13859e-06
6.14317e-06
6.14777e-06
6.1524e-06
6.15705e-06
6.16176e-06
6.1665e-06
6.17124e-06
6.17608e-06
6.18091e-06
6.18583e-06
6.19066e-06
6.19555e-06
6.20054e-06
6.20551e-06
6.21053e-06
6.2155e-06
6.22047e-06
6.22553e-06
6.23059e-06
6.23573e-06
6.24085e-06
6.24599e-06
6.25121e-06
6.25647e-06
6.26171e-06
6.26701e-06
6.27236e-06
6.27773e-06
6.28312e-06
6.28851e-06
6.29393e-06
6.29929e-06
6.3048e-06
6.31036e-06
6.3159e-06
6.32145e-06
6.32692e-06
6.33251e-06
6.33818e-06
6.34382e-06
6.34959e-06
6.35531e-06
6.36101e-06
6.36665e-06
6.37249e-06
6.37835e-06
6.38426e-06
6.39004e-06
6.39598e-06
6.402e-06
6.40803e-06
6.41398e-06
6.41995e-06
6.42596e-06
6.43209e-06
6.43828e-06
6.44445e-06
6.45059e-06
6.45689e-06
6.46311e-06
6.46939e-06
6.47576e-06
6.48208e-06
6.48843e-06
6.49478e-06
6.50114e-06
6.50755e-06
6.51416e-06
6.52075e-06
6.52732e-06
6.534e-06
6.54069e-06
6.54742e-06
6.55407e-06
6.55796e-06
6.55746e-06
6.55494e-06
6.55484e-06
6.5526e-06
6.55183e-06
6.55031e-06
6.54936e-06
6.54853e-06
6.54693e-06
6.54673e-06
6.5453e-06
6.54544e-06
6.54338e-06
6.54356e-06
6.54243e-06
6.54193e-06
6.54132e-06
6.54088e-06
6.54094e-06
6.54008e-06
6.54075e-06
6.53964e-06
6.54022e-06
6.53947e-06
6.5398e-06
6.53947e-06
6.53965e-06
6.54014e-06
6.53987e-06
6.54061e-06
6.54025e-06
6.54144e-06
6.54106e-06
6.54229e-06
6.54218e-06
6.54337e-06
6.54373e-06
6.54436e-06
6.54523e-06
6.54597e-06
6.54722e-06
6.54766e-06
6.54934e-06
6.54986e-06
6.55201e-06
6.55256e-06
6.55427e-06
6.55521e-06
6.5569e-06
6.55811e-06
6.55977e-06
6.56136e-06
6.5628e-06
6.56484e-06
6.56642e-06
6.5688e-06
6.57017e-06
6.57285e-06
6.57409e-06
6.57673e-06
6.57861e-06
6.58115e-06
6.58346e-06
6.58592e-06
6.58863e-06
6.59099e-06
6.59391e-06
6.59612e-06
6.59945e-06
6.60176e-06
6.6053e-06
6.60768e-06
6.61128e-06
6.61401e-06
6.61765e-06
6.62067e-06
6.62443e-06
6.62761e-06
6.63145e-06
6.63503e-06
6.63892e-06
6.64287e-06
6.64704e-06
6.65118e-06
6.65534e-06
6.65976e-06
6.66399e-06
6.66874e-06
6.67308e-06
6.67795e-06
6.68265e-06
6.688e-06
6.69295e-06
6.69863e-06
6.70368e-06
6.70943e-06
6.71492e-06
6.72106e-06
6.72693e-06
6.73331e-06
6.73971e-06
6.74642e-06
6.75336e-06
6.76051e-06
6.76822e-06
6.77559e-06
6.78351e-06
6.79121e-06
6.79922e-06
6.80742e-06
6.81559e-06
6.82379e-06
6.8321e-06
6.83995e-06
6.84746e-06
6.85598e-06
6.86342e-06
6.87258e-06
6.88136e-06
6.89196e-06
6.90243e-06
6.9152e-06
6.92593e-06
6.93829e-06
6.95031e-06
6.96189e-06
6.97278e-06
6.98335e-06
6.99152e-06
7.00217e-06
7.01268e-06
7.01932e-06
7.03645e-06
7.03988e-06
7.0503e-06
7.06652e-06
7.07421e-06
7.09486e-06
7.10302e-06
7.11557e-06
7.13372e-06
7.14229e-06
7.16227e-06
7.16861e-06
7.18949e-06
7.19452e-06
7.2103e-06
7.21869e-06
7.22748e-06
7.23648e-06
7.24581e-06
7.25536e-06
7.26459e-06
7.27389e-06
7.28345e-06
7.29238e-06
7.30017e-06
7.3077e-06
7.31691e-06
7.32592e-06
7.33539e-06
7.34545e-06
7.3548e-06
7.36545e-06
7.37565e-06
7.38803e-06
7.40004e-06
7.41138e-06
7.42393e-06
7.43599e-06
7.44731e-06
7.46032e-06
7.47333e-06
7.48583e-06
7.49921e-06
7.5129e-06
7.52444e-06
7.53922e-06
7.55275e-06
7.56593e-06
7.57973e-06
7.5938e-06
7.60723e-06
7.62156e-06
7.63552e-06
7.64921e-06
7.66254e-06
7.67668e-06
7.69152e-06
7.70498e-06
7.71722e-06
7.73259e-06
7.74618e-06
7.76068e-06
7.77261e-06
7.78941e-06
7.80235e-06
7.81603e-06
7.83113e-06
7.84764e-06
7.8593e-06
7.8742e-06
7.89018e-06
7.90447e-06
7.91579e-06
7.9333e-06
7.9485e-06
7.95912e-06
7.97117e-06
7.99221e-06
8.00294e-06
8.011e-06
8.0304e-06
8.0522e-06
8.05288e-06
8.06593e-06
8.09537e-06
8.10197e-06
8.09464e-06
8.12868e-06
8.15541e-06
8.13407e-06
8.14909e-06
8.20532e-06
8.18788e-06
8.15503e-06
8.23487e-06
8.26508e-06
8.17923e-06
8.22735e-06
8.35047e-06
8.2401e-06
8.18284e-06
8.40887e-06
8.37506e-06
8.12184e-06
8.37414e-06
8.60626e-06
8.11322e-06
8.1875e-06
8.88541e-06
8.27033e-06
7.7563e-06
8.82017e-06
8.89102e-06
6.60304e-06
8.34503e-06
7.61357e-06
8.16705e-06
5.09771e-06
8.49894e-06
6.00751e-06
8.85425e-06
3.43205e-06
4.99209e-06
5.88681e-06
4.17183e-06
5.67851e-06
5.18753e-06
3.96954e-06
5.97132e-06
7.16923e-06
6.74547e-06
6.31117e-06
5.42088e-06
8.95825e-06
6.77179e-06
7.6871e-06
4.72106e-06
8.34727e-06
5.66657e-06
8.35056e-06
3.32543e-06
4.34005e-06
7.07523e-06
4.05424e-06
4.88873e-06
5.9007e-06
3.31462e-06
4.26102e-06
8.40721e-06
4.98757e-06
7.25578e-06
3.27371e-06
3.68307e-06
7.16047e-06
4.36182e-06
4.58585e-06
7.54468e-06
3.12541e-06
4.20752e-06
7.95821e-06
4.22828e-06
5.4027e-06
4.38812e-06
3.33256e-06
4.35219e-06
8.4236e-06
5.16954e-06
7.77137e-06
3.28361e-06
3.97009e-06
8.49317e-06
4.01411e-06
4.86808e-06
4.41575e-06
2.90029e-06
3.37286e-06
5.17296e-06
7.17589e-06
5.10829e-06
8.87483e-06
3.75219e-06
5.57614e-06
5.18006e-06
4.19445e-06
6.37576e-06
4.68931e-06
4.4969e-06
8.88742e-06
5.30409e-06
8.4098e-06
3.1485e-06
4.05298e-06
6.98622e-06
3.62903e-06
3.90269e-06
9.46648e-06
2.70929e-06
2.36107e-06
3.37897e-06
3.25827e-06
2.93859e-06
2.74891e-06
3.10078e-06
4.40948e-06
7.28577e-06
3.44004e-06
4.02269e-06
5.82495e-06
4.12448e-06
4.59556e-06
7.59297e-06
4.25028e-06
5.61762e-06
6.05615e-06
4.9346e-06
7.46157e-06
4.57434e-06
5.95817e-06
6.22438e-06
5.35092e-06
8.35794e-06
4.65232e-06
7.46955e-06
4.93353e-06
5.60367e-06
5.63269e-06
4.16457e-06
6.71091e-06
5.85893e-06
6.02594e-06
6.71867e-06
5.23288e-06
9.07987e-06
5.72686e-06
8.98715e-06
3.83498e-06
6.06274e-06
4.63531e-06
4.01722e-06
6.58865e-06
4.35364e-06
4.47008e-06
9.04397e-06
4.81288e-06
7.13585e-06
3.29723e-06
3.68466e-06
7.31185e-06
4.07041e-06
4.11469e-06
9.07471e-06
2.93046e-06
4.15588e-06
6.14455e-06
3.21267e-06
3.29208e-06
5.72391e-06
3.98669e-06
3.41969e-06
4.87649e-06
8.15344e-06
4.87021e-06
7.74754e-06
3.79326e-06
4.8011e-06
6.96176e-06
4.20257e-06
5.46058e-06
5.67973e-06
4.20349e-06
6.97123e-06
5.5047e-06
5.76564e-06
6.90737e-06
5.07246e-06
9.75681e-06
5.34314e-06
9.20769e-06
3.30685e-06
4.84588e-06
4.83991e-06
3.30928e-06
3.6738e-06
6.37248e-06
4.28333e-06
4.24906e-06
8.75515e-06
4.60927e-06
5.89295e-06
3.9879e-06
3.58006e-06
5.57035e-06
6.27808e-06
4.84824e-06
8.04075e-06
4.55195e-06
6.55559e-06
4.95444e-06
4.62207e-06
9.67552e-06
3.96001e-06
7.01272e-06
3.87669e-06
3.65541e-06
7.11452e-06
3.25709e-06
3.64796e-06
7.49344e-06
3.8463e-06
3.84287e-06
9.96912e-06
2.78493e-06
3.5935e-06
5.3475e-06
2.70265e-06
2.49974e-06
3.08963e-06
5.29587e-06
4.22978e-06
3.26554e-06
4.28717e-06
8.28397e-06
4.50767e-06
5.52673e-06
4.82007e-06
3.87061e-06
6.08976e-06
5.8525e-06
5.03815e-06
9.47462e-06
4.81092e-06
9.78987e-06
4.08865e-06
5.16091e-06
3.58321e-06
2.82775e-06
3.40283e-06
5.68595e-06
5.40797e-06
4.23961e-06
6.26243e-06
5.59217e-06
5.65171e-06
7.66651e-06
5.2936e-06
8.49023e-06
4.88322e-06
8.50399e-06
4.3453e-06
4.94638e-06
5.33485e-06
3.41347e-06
4.62038e-06
9.01802e-06
4.51208e-06
6.30778e-06
3.81518e-06
3.86832e-06
7.64158e-06
4.32718e-06
4.482e-06
8.43859e-06
3.49466e-06
5.58234e-06
4.70239e-06
3.72479e-06
4.80928e-06
9.16616e-06
4.63923e-06
9.67772e-06
4.18795e-06
5.33728e-06
3.70893e-06
3.04376e-06
3.93432e-06
7.73896e-06
4.23335e-06
4.39327e-06
8.28809e-06
3.41705e-06
5.32963e-06
4.90331e-06
3.67678e-06
4.4804e-06
9.68044e-06
4.32479e-06
8.82586e-06
3.70066e-06
3.93374e-06
6.8919e-06
2.54323e-06
3.0461e-06
5.00158e-06
4.29625e-06
3.15968e-06
3.56342e-06
5.65953e-06
5.62773e-06
4.794e-06
9.98373e-06
4.62038e-06
6.73054e-06
3.39164e-06
3.68997e-06
7.87806e-06
3.81718e-06
3.79357e-06
9.94125e-06
2.8255e-06
3.78921e-06
5.17045e-06
2.6334e-06
2.47681e-06
3.0018e-06
4.78431e-06
5.39594e-06
3.38902e-06
4.49739e-06
8.28481e-06
4.24053e-06
5.10987e-06
5.60646e-06
3.94729e-06
6.25444e-06
5.34663e-06
4.60682e-06
7.82383e-06
5.14564e-06
8.22279e-06
4.32565e-06
4.67827e-06
6.97107e-06
3.6884e-06
5.68346e-06
5.26086e-06
4.09945e-06
5.51702e-06
7.48548e-06
6.15666e-06
7.1123e-06
5.25307e-06
8.24631e-06
5.77913e-06
9.70618e-06
4.48816e-06
5.99673e-06
3.79781e-06
3.67168e-06
6.48754e-06
4.62693e-06
4.12319e-06
6.85707e-06
4.91268e-06
6.09924e-06
5.52801e-06
4.57069e-06
6.90338e-06
5.9532e-06
8.26674e-06
4.79287e-06
5.34752e-06
6.33763e-06
4.70751e-06
9.39567e-06
4.43878e-06
5.53611e-06
4.29103e-06
3.68612e-06
5.90495e-06
5.38562e-06
4.34985e-06
6.20246e-06
6.5238e-06
7.41348e-06
5.39193e-06
5.39497e-06
8.73916e-06
6.49736e-06
6.61257e-06
5.11087e-06
7.74615e-06
6.17789e-06
9.28887e-06
4.6279e-06
6.03394e-06
4.37842e-06
4.34083e-06
9.23293e-06
4.12217e-06
4.7847e-06
5.01659e-06
3.30309e-06
4.4052e-06
9.00589e-06
3.99294e-06
4.6718e-06
5.47755e-06
3.37622e-06
4.61035e-06
8.04647e-06
3.98416e-06
4.62092e-06
7.30342e-06
3.93357e-06
6.80025e-06
4.27957e-06
3.9441e-06
6.53987e-06
4.89892e-06
5.77142e-06
5.91074e-06
4.44759e-06
5.88647e-06
7.59839e-06
8.3241e-06
5.17709e-06
5.68004e-06
6.95383e-06
6.20274e-06
6.51638e-06
4.98376e-06
7.09711e-06
6.73664e-06
9.00613e-06
4.78316e-06
6.08878e-06
5.02245e-06
5.22545e-06
7.4084e-06
4.43474e-06
5.42139e-06
7.2784e-06
6.18083e-06
6.50863e-06
4.88573e-06
6.73605e-06
7.06303e-06
8.96e-06
4.8553e-06
6.10703e-06
5.28054e-06
5.60568e-06
6.57775e-06
4.53947e-06
5.71242e-06
7.9611e-06
8.30664e-06
5.13105e-06
5.5254e-06
7.51574e-06
6.52292e-06
6.06477e-06
4.93621e-06
7.18006e-06
7.05321e-06
8.21958e-06
4.83927e-06
6.11977e-06
6.16245e-06
7.08866e-06
5.19099e-06
4.82977e-06
8.01788e-06
6.11704e-06
7.97344e-06
4.45414e-06
5.31257e-06
6.94464e-06
5.73006e-06
7.01329e-06
4.60235e-06
5.69148e-06
7.86304e-06
8.19886e-06
5.0746e-06
5.36504e-06
7.91956e-06
6.76035e-06
5.87597e-06
4.87298e-06
7.06543e-06
7.2835e-06
7.86528e-06
4.85382e-06
6.08893e-06
6.87284e-06
8.02198e-06
4.86133e-06
5.07826e-06
8.05218e-06
6.08878e-06
6.62497e-06
4.57385e-06
5.62601e-06
8.07516e-06
8.3041e-06
5.08665e-06
5.41926e-06
7.87612e-06
7.29859e-06
5.47223e-06
4.92687e-06
7.61476e-06
7.01156e-06
7.0338e-06
4.71856e-06
5.89321e-06
7.70092e-06
8.43235e-06
4.9136e-06
5.44869e-06
7.48413e-06
6.98106e-06
5.49277e-06
4.80362e-06
7.1309e-06
7.29114e-06
7.33358e-06
4.77888e-06
5.88883e-06
7.62533e-06
8.33263e-06
4.89619e-06
5.34917e-06
7.63474e-06
7.04155e-06
5.50134e-06
4.77387e-06
6.99768e-06
7.42629e-06
7.27866e-06
4.79811e-06
5.88477e-06
7.67263e-06
8.31783e-06
4.90987e-06
5.37899e-06
7.65885e-06
7.35094e-06
5.31058e-06
4.81483e-06
7.25468e-06
7.2367e-06
6.89506e-06
4.71195e-06
5.78829e-06
7.77906e-06
8.1986e-06
4.96488e-06
5.36709e-06
7.83875e-06
7.54048e-06
5.26707e-06
4.89144e-06
7.30804e-06
7.3197e-06
6.49572e-06
4.75705e-06
5.94162e-06
7.81315e-06
7.7638e-06
5.05795e-06
5.54099e-06
8.04943e-06
8.04658e-06
5.15987e-06
5.22885e-06
7.85916e-06
7.59553e-06
5.50789e-06
4.89715e-06
6.88752e-06
7.54597e-06
6.698e-06
4.91628e-06
5.99266e-06
7.86836e-06
7.42197e-06
5.16376e-06
5.63527e-06
7.74843e-06
7.72187e-06
5.36347e-06
5.35956e-06
7.31162e-06
7.90219e-06
5.64745e-06
5.17771e-06
6.89122e-06
7.79775e-06
6.1459e-06
5.14435e-06
6.47352e-06
7.76306e-06
6.69362e-06
5.25443e-06
6.06913e-06
7.49755e-06
6.99907e-06
5.45862e-06
5.73749e-06
7.0493e-06
7.17913e-06
5.79727e-06
5.56327e-06
6.63225e-06
7.15268e-06
6.25271e-06
5.57657e-06
6.31615e-06
6.97169e-06
6.56446e-06
5.72e-06
5.99618e-06
6.68932e-06
6.68513e-06
5.98049e-06
5.8639e-06
6.43802e-06
6.65568e-06
6.27003e-06
5.88297e-06
6.24016e-06
6.54443e-06
6.40473e-06
5.99562e-06
6.07475e-06
6.4001e-06
6.42813e-06
6.15178e-06
6.02827e-06
6.27765e-06
6.39156e-06
6.27126e-06
6.05974e-06
6.16838e-06
6.31939e-06
6.29255e-06
6.12922e-06
6.10723e-06
6.24465e-06
6.27714e-06
6.19676e-06
6.10134e-06
6.18209e-06
6.24094e-06
6.21053e-06
6.12447e-06
6.12994e-06
6.19693e-06
6.20183e-06
6.15279e-06
6.11175e-06
6.15619e-06
6.17722e-06
6.15577e-06
6.11361e-06
6.12007e-06
6.14626e-06
6.1445e-06
6.12002e-06
6.10076e-06
6.11778e-06
6.12476e-06
6.11216e-06
6.09363e-06
6.09496e-06
6.10198e-06
6.09879e-06
6.08529e-06
6.0775e-06
6.08012e-06
6.08136e-06
6.07354e-06
6.06383e-06
6.06117e-06
6.06239e-06
6.05919e-06
6.05112e-06
6.04531e-06
6.04418e-06
6.04294e-06
6.03769e-06
6.03128e-06
6.02775e-06
6.02631e-06
6.02316e-06
6.01772e-06
6.01294e-06
6.01022e-06
6.00782e-06
6.00374e-06
5.99887e-06
5.99513e-06
5.99254e-06
5.98951e-06
5.98533e-06
5.9812e-06
5.97791e-06
5.97499e-06
5.9716e-06
5.96764e-06
5.96404e-06
5.96088e-06
5.95786e-06
5.95436e-06
5.95067e-06
5.94739e-06
5.94433e-06
5.94112e-06
5.93772e-06
5.9344e-06
5.93124e-06
5.92819e-06
5.92499e-06
5.92179e-06
5.91865e-06
5.91559e-06
5.91251e-06
5.90944e-06
5.90629e-06
5.90334e-06
5.90032e-06
5.89738e-06
5.89426e-06
5.8912e-06
5.88819e-06
5.88529e-06
5.8824e-06
5.87941e-06
5.87653e-06
5.87369e-06
5.87085e-06
5.86799e-06
5.86515e-06
5.86235e-06
5.85957e-06
5.85679e-06
5.85399e-06
5.8512e-06
5.84844e-06
5.84571e-06
5.84298e-06
5.84026e-06
5.83757e-06
5.8349e-06
5.83232e-06
5.82967e-06
5.82703e-06
5.82446e-06
5.82194e-06
5.81937e-06
5.81678e-06
5.81434e-06
5.81191e-06
5.80939e-06
5.80688e-06
5.80434e-06
5.80183e-06
5.79945e-06
5.79704e-06
5.7947e-06
5.79238e-06
5.79004e-06
5.78773e-06
5.78541e-06
5.78309e-06
5.78081e-06
5.77864e-06
5.7764e-06
5.77412e-06
5.77197e-06
5.76982e-06
5.76763e-06
5.76555e-06
5.76348e-06
5.76137e-06
5.7593e-06
5.75716e-06
5.7551e-06
5.75305e-06
5.75107e-06
5.74902e-06
5.74707e-06
5.7451e-06
5.74327e-06
5.74138e-06
5.73947e-06
5.73764e-06
5.73576e-06
5.73388e-06
5.73199e-06
5.73023e-06
5.72851e-06
5.72671e-06
5.72489e-06
5.72311e-06
5.72133e-06
5.71965e-06
5.71795e-06
5.7163e-06
5.71453e-06
5.71291e-06
5.71128e-06
5.70973e-06
5.70806e-06
5.70644e-06
5.70484e-06
5.70327e-06
5.70171e-06
5.70026e-06
5.69883e-06
5.69723e-06
5.69578e-06
5.69436e-06
5.69307e-06
5.69166e-06
5.69022e-06
5.68889e-06
5.68761e-06
5.68628e-06
5.68495e-06
5.68373e-06
5.68247e-06
5.68123e-06
5.68009e-06
5.67887e-06
5.67772e-06
5.67655e-06
5.67536e-06
5.6742e-06
5.67312e-06
5.67194e-06
5.67076e-06
5.66958e-06
5.66841e-06
5.66729e-06
5.66617e-06
5.6651e-06
5.66403e-06
5.66297e-06
5.662e-06
5.66105e-06
5.66008e-06
5.65917e-06
5.65831e-06
5.65743e-06
5.65656e-06
5.65577e-06
5.65496e-06
5.65428e-06
5.65353e-06
5.65277e-06
5.65209e-06
5.6515e-06
5.65081e-06
5.65021e-06
5.64959e-06
5.64896e-06
5.64831e-06
5.64777e-06
5.6472e-06
5.64671e-06
5.64615e-06
5.64578e-06
5.64528e-06
5.6449e-06
5.64453e-06
5.6441e-06
5.64377e-06
5.64338e-06
5.64307e-06
5.64279e-06
5.64248e-06
5.64218e-06
5.64196e-06
5.64166e-06
5.64143e-06
5.64128e-06
5.64128e-06
5.64121e-06
5.64112e-06
5.64109e-06
5.64094e-06
5.64102e-06
5.64108e-06
5.64104e-06
5.64113e-06
5.64122e-06
5.64137e-06
5.64137e-06
5.64152e-06
5.64177e-06
5.64184e-06
5.64222e-06
5.64239e-06
5.64272e-06
5.64294e-06
5.64275e-06
5.64342e-06
5.64384e-06
5.6445e-06
5.64509e-06
5.64579e-06
5.6457e-06
5.64677e-06
5.64766e-06
5.64843e-06
5.64937e-06
5.65018e-06
5.65051e-06
5.65173e-06
5.65236e-06
5.65364e-06
5.6545e-06
5.65572e-06
5.65672e-06
5.65803e-06
5.65988e-06
5.66189e-06
5.66284e-06
5.66496e-06
5.6645e-06
5.6682e-06
5.66706e-06
5.67088e-06
5.67075e-06
5.67416e-06
5.67588e-06
5.67803e-06
5.6802e-06
5.68257e-06
5.68409e-06
5.6868e-06
5.68891e-06
5.69126e-06
5.6928e-06
5.69568e-06
5.69789e-06
5.70093e-06
5.70304e-06
5.70541e-06
5.70825e-06
5.71031e-06
5.71407e-06
5.71661e-06
5.71961e-06
5.7215e-06
5.72502e-06
5.72867e-06
5.73164e-06
5.73432e-06
5.73769e-06
5.7402e-06
5.74383e-06
5.74614e-06
5.74698e-06
5.75256e-06
5.75675e-06
5.76111e-06
5.76404e-06
5.76849e-06
5.7732e-06
5.77736e-06
5.78106e-06
5.78477e-06
5.79023e-06
5.79349e-06
5.79808e-06
5.80297e-06
5.80758e-06
5.81175e-06
5.81637e-06
5.82002e-06
5.82527e-06
5.83049e-06
5.83414e-06
5.83997e-06
5.84638e-06
5.85308e-06
5.85899e-06
5.86433e-06
5.86969e-06
5.87423e-06
5.88032e-06
5.88679e-06
5.89329e-06
5.90014e-06
5.90594e-06
5.91267e-06
5.91904e-06
5.92513e-06
5.93115e-06
5.93739e-06
5.94463e-06
5.95195e-06
5.95828e-06
5.96509e-06
5.97157e-06
5.97838e-06
5.98506e-06
5.99221e-06
5.9988e-06
6.00491e-06
6.01082e-06
6.01696e-06
6.02606e-06
6.0325e-06
6.0388e-06
6.04542e-06
6.05063e-06
6.05939e-06
6.0626e-06
6.07017e-06
6.07643e-06
6.08238e-06
6.09247e-06
6.09516e-06
6.10671e-06
6.11086e-06
6.11982e-06
6.1273e-06
6.13761e-06
6.14812e-06
6.1557e-06
6.16573e-06
6.17288e-06
6.18012e-06
6.189e-06
6.19558e-06
6.20454e-06
6.21238e-06
6.21819e-06
6.22747e-06
6.24291e-06
6.27375e-06
6.30078e-06
6.30689e-06
6.296e-06
6.27001e-06
6.25117e-06
6.23745e-06
6.23188e-06
6.22918e-06
6.23062e-06
6.23427e-06
6.23993e-06
6.24539e-06
6.2509e-06
6.25597e-06
6.26169e-06
6.2671e-06
6.27324e-06
6.27886e-06
6.28526e-06
6.29066e-06
6.29652e-06
6.30222e-06
6.30857e-06
6.31479e-06
6.3205e-06
6.32675e-06
6.33225e-06
6.33817e-06
6.33308e-06
6.32471e-06
6.31738e-06
6.31034e-06
6.30225e-06
6.29736e-06
6.28859e-06
6.28566e-06
6.2781e-06
6.27098e-06
6.26752e-06
6.25846e-06
6.25475e-06
6.24742e-06
6.24276e-06
6.23998e-06
6.2421e-06
6.24376e-06
6.25184e-06
6.25654e-06
6.26166e-06
6.26414e-06
6.26406e-06
6.26328e-06
6.26379e-06
6.26419e-06
6.2692e-06
6.27416e-06
6.28117e-06
6.29162e-06
6.30491e-06
6.32258e-06
6.34071e-06
6.36029e-06
6.3817e-06
6.40087e-06
6.42194e-06
6.44333e-06
6.46322e-06
6.48463e-06
6.50535e-06
6.52527e-06
6.5241e-06
6.52018e-06
6.51506e-06
6.51203e-06
6.509e-06
6.50952e-06
6.51177e-06
6.51683e-06
6.52441e-06
6.53506e-06
6.54749e-06
6.56007e-06
6.57582e-06
6.57378e-06
6.56629e-06
6.5594e-06
6.55248e-06
6.54674e-06
6.54078e-06
6.53476e-06
6.52909e-06
6.52421e-06
6.51948e-06
6.514e-06
6.50893e-06
6.50405e-06
6.49912e-06
6.49611e-06
6.49393e-06
6.49467e-06
6.49755e-06
6.50387e-06
6.50914e-06
6.50368e-06
6.49794e-06
6.49203e-06
6.48705e-06
6.48231e-06
6.47726e-06
6.47241e-06
6.46744e-06
6.46235e-06
6.45823e-06
6.45422e-06
6.44934e-06
6.44606e-06
6.44229e-06
6.43883e-06
6.435e-06
6.42996e-06
6.42635e-06
6.4228e-06
6.42104e-06
6.41848e-06
6.41609e-06
6.41467e-06
6.41415e-06
6.41297e-06
6.41133e-06
6.41013e-06
6.40907e-06
6.40806e-06
6.40699e-06
6.40639e-06
6.40591e-06
6.40484e-06
6.40463e-06
6.40404e-06
6.40363e-06
6.4047e-06
6.40562e-06
6.40656e-06
6.40874e-06
6.4111e-06
6.41417e-06
6.41657e-06
6.4204e-06
6.42356e-06
6.42778e-06
6.43238e-06
6.43649e-06
6.44084e-06
6.44563e-06
6.44934e-06
6.45247e-06
6.45581e-06
6.4584e-06
6.46026e-06
6.46124e-06
6.46151e-06
6.46192e-06
6.46218e-06
6.46159e-06
6.46159e-06
6.46153e-06
6.46112e-06
6.46066e-06
