4.19484
4.88711
10.5796
14.0849
15.751
28.9786
23.1501
37.5787
47.7246
26.7527
69.675
75.1605
14.1243
61.1025
119.189
37.8621
13.8018
119.413
156.961
-73.6557
-93.9545
-17.865
106.066
149.104
-78.5035
-114.482
-75.4896
60.2993
119.588
-47.6346
-100.575
-65.1703
57.6757
82.9275
-135.252
-148.967
10.6772
148.728
87.0913
-236.205
-236.806
-225.381
-36.7428
74.2757
-50.9923
-231.363
-253.435
-231.281
-73.6676
-17.309
-237.476
-277.668
-242.027
-99.0464
-35.1703
-187.985
-246.508
-210.055
-85.6929
-58.251
-256.176
-268.414
-82.9217
51.7091
-72.2234
-286.71
-298.279
-298.889
-66.7298
40.6064
-269.485
-321.025
-336.271
-309.946
-110.346
-8.5197
-137.661
-269.195
-281.529
-99.1761
-9.92281
-214.579
-286.861
-300.457
-157.531
-39.5797
-95.2401
-313.424
-328.636
-220.579
-103.811
-98.7307
-391.574
-398.238
-194.587
-19.9436
-35.9025
-825.15
-733.559
-718.79
-696.162
-745.562
-830.572
-891.065
-891.747
-974.003
-1004.61
-1004.95
-934.224
-847.165
-855.877
-1067.93
-1067.36
-821.989
-696.732
-982.086
-1046.37
-1021.46
-1032.71
-797.876
-604.411
-596.837
-1123.19
-1123.33
-1014.38
-890.482
-818.296
-796.572
-1105.73
-1117.34
-1013.43
-893.743
-832.543
-914.427
-1036.8
-1031.42
-825.434
-763.543
-1055.97
-1072.92
-1061.95
-825.875
-688.742
-776.394
-1067.1
-1072.7
-1043.52
-850.766
-743.725
-794.67
-992.988
-995.814
-738.638
-629.012
-905.971
-967.225
-978.528
-930.96
-749.211
-646.837
-692.433
-841.213
-811.42
-645.427
-583.097
-722.21
-762.468
-657.518
-542.205
-533.466
-702.905
-691.762
-474.97
-364.027
-527.428
-651.576
-669.662
-533.207
-402.14
-387.204
-631.038
-639.838
-386.951
-212.692
-274.843
-758.608
-702.84
-703.789
-400.231
-176.457
-153.252
-1122.57
-909.132
-874.49
-831.803
-826.729
-915.791
-1026.28
-1067.65
-1064.1
-1321.24
-1282
-1267.49
-1225.12
-1219.54
-1201.29
-1281.85
-1344.14
-1323.1
-1181.76
-1117.9
-1208.34
-1261.02
-1160.42
-1045.32
-1030.24
-1155.32
-1117.79
-944.949
-864.241
-951.108
-1016.11
-924.36
-807.678
-782.384
-885.116
-848.71
-680.056
-604.357
-699.413
-749.122
-636.423
-523.879
-513.577
-630.453
-591.089
-431.257
-350.31
-417.346
-472.282
-358.616
-249.53
-245.861
-338.441
-274.658
-144.254
-87.3184
-157.033
-149.239
37.8651
122.707
5.59517
-59.1414
-0.727772
131.577
198.436
148.323
144.351
323.749
408.717
305.22
244.117
309.737
433.298
492.447
437.229
447.551
626.457
709.111
608.686
554.973
641.998
760.897
807.42
730.372
750.949
933.452
1025.56
945.268
875.48
950.9
1075.5
1131.69
1077.29
1105.07
1269.2
1347.85
1278.96
1251.2
1401.51
1511.92
1494.28
1392.74
1445.91
1585.44
1663.54
1635.03
1625.65
1787.15
1883.28
1839.56
1786.93
1899.55
2011.56
2032.95
1954.69
2010.83
2157.36
2237.17
2205.83
2200.53
2366.62
2464.85
2426.09
2372.22
2480.07
2593.78
2624.89
2557.51
2613.7
2761.28
2840.7
2811.49
2811.85
2978.49
3076.6
3042.76
2993.58
3102.98
3216.71
3250.53
3190.94
3253.05
3396.07
3472.25
3447.52
3460.68
3615.07
3709.07
3692.49
3668.47
3795.86
3903.66
3922.24
3873.35
3958.12
4084.43
4147
4123.89
4169.08
4307.39
4388.45
4383.64
4405.13
4538.02
4629.14
4637.83
4639.73
4770.62
4872.67
4891.79
4872.27
4977.09
5090.18
5137.29
5120.09
5195.96
5319.92
5388.05
5389.41
5446.71
5566.99
5644.31
5662.01
5700.91
5812.07
5900.29
5936.84
5964.18
6061.5
6158.06
6211.59
6240.04
6319.39
6419.46
6487.02
6524.9
6588.42
6684.57
6762.73
6812.51
6866.37
6952.65
7037.3
7099.07
7152.59
7227.98
7314.46
7385.69
7443.95
7511.56
7594.48
7671.49
7735.74
7800.29
7877.41
7956.86
8026.92
8092.52
8164.91
8243.75
8317.87
8386.01
8455.97
8532.13
8608.08
8679.07
8748.82
8822.41
8898.49
8971.77
9042.54
9114.69
9189.69
9264.14
9336.25
9408.09
9481.85
9556.51
9629.8
9702.04
9775.05
9849.31
9923.23
9996.1
10068.9
10142.6
10216.7
10290.1
10363.1
10436.4
10510.3
10584
10657.2
10730.5
10804
10877.7
10951.2
11024.5
11097.9
11171.5
11245
11318.4
11391.8
11465.2
11538.7
11612.2
11685.5
11758.9
11832.3
11905.7
11979.1
12052.4
12125.7
12199.1
12272.4
12345.7
12418.9
12492.2
12565.4
12638.6
12711.8
12785
12858.2
12931.3
13004.4
13077.5
13150.5
13223.6
13296.6
13369.6
13442.5
13515.5
13588.4
13661.2
13734.1
13806.9
13879.7
13952.4
14025.2
14097.9
14170.5
14243.1
14315.7
14388.3
14460.8
14533.3
14605.7
14678.1
14750.5
14822.8
14895.1
14967.3
15039.6
15111.7
15183.8
15255.9
15327.9
15399.9
15471.9
15543.8
15615.6
15687.5
15759.2
15830.9
15902.6
15974.2
16045.8
16117.3
16188.8
16260.2
16331.6
16402.9
16474.1
16545.3
16616.5
16687.6
16758.6
16829.6
16900.5
16971.4
17042.2
17113
17183.6
17254.3
17324.9
17395.4
17465.8
17536.2
17606.6
17676.8
17747
17817.2
17887.3
17957.3
18027.3
18097.1
18167
18236.7
18306.4
18376.1
18445.6
18515.1
18584.5
18653.9
18723.1
18792.3
18861.5
18930.6
18999.6
19068.5
19137.3
19206.1
19274.8
19343.5
19412
19480.5
19548.9
19617.3
19685.5
19753.7
19821.8
19889.8
19957.8
20025.6
20093.4
20161.1
20228.7
20296.3
20363.7
20431.1
20498.4
20565.7
20632.8
20699.9
20766.8
20833.7
20900.5
20967.2
21033.8
21100.4
21166.8
21233.2
21299.5
21365.7
21431.8
21497.8
21563.8
21629.6
21695.4
21761
21826.6
21892.1
21957.5
22022.8
22088
22153.1
22218.1
22283
22347.9
22412.6
22477.3
22541.8
22606.3
22670.6
22734.9
22799.1
22863.1
22927.1
22991
23054.8
23118.5
23182.1
23245.5
23308.9
23372.2
23435.4
23498.5
23561.4
23624.3
23687.1
23749.8
23812.4
23874.9
23937.2
23999.5
24061.7
24123.7
24185.7
24247.5
24309.3
24370.9
24432.5
24493.9
24555.2
24616.5
24677.6
24738.6
24799.5
24860.3
24921
24981.5
25042
25102.4
25162.6
25222.8
25282.8
25342.7
25402.5
25462.2
25521.8
25581.3
25640.7
25699.9
25759.1
25818.1
25877
25935.8
25994.5
26053.1
26111.6
26169.9
26228.2
26286.3
26344.3
26402.2
26460
26517.6
26575.2
26632.6
26689.9
26747.1
26804.2
26861.2
26918
26974.8
27031.4
27087.9
27144.2
27200.5
27256.6
27312.7
27368.6
27424.3
27480
27535.5
27591
27646.3
27701.4
27756.5
27811.4
27866.2
27920.9
27975.5
28029.9
28084.2
28138.4
28192.5
28246.5
28300.3
28354
28407.6
28461
28514.3
28567.5
28620.6
28673.6
28726.4
28779.1
28831.7
28884.1
28936.4
28988.6
29040.7
29092.6
29144.4
29196.1
29247.7
29299.1
29350.4
29401.6
29452.6
29503.5
29554.3
29605
29655.5
29705.9
29756.1
29806.3
29856.3
29906.1
29955.9
30005.5
30054.9
30104.3
30153.5
30202.6
30251.5
30300.4
30349
30397.6
30446
30494.3
30542.4
30590.5
30638.3
30686.1
30733.7
30781.2
30828.5
30875.7
30922.8
30969.7
31016.6
31063.2
31109.8
31156.1
31202.4
31248.5
31294.5
31340.3
31386
31431.6
31477
31522.3
31567.4
31612.4
31657.3
31702
31746.6
31791.1
31835.4
31879.5
31923.5
31967.4
32011.1
32054.7
32098.1
32141.4
32184.6
32227.6
32270.4
32313.2
32355.7
32398.2
32440.4
32482.6
32524.6
32566.4
32608.1
32649.6
32691
32732.3
32773.4
32814.3
32855.2
32895.8
32936.3
32976.7
33016.9
33056.9
33096.8
33136.6
33176.2
33215.7
33255
33294.1
33333.1
33372
33410.7
33449.2
33487.6
33525.9
33563.9
33601.9
33639.7
33677.3
33714.8
33752.1
33789.3
33826.3
33863.1
33899.8
33936.4
33972.8
34009
34045.1
34081
34116.8
34152.4
34187.8
34223.1
34258.2
34293.2
34328
34362.7
34397.2
34431.6
34465.8
34499.8
34533.7
34567.4
34600.9
34634.3
34667.5
34700.6
34733.5
34766.3
34798.9
34831.3
34863.6
34895.7
34927.7
34959.4
34991.1
35022.5
35053.9
35085
35116
35146.8
35177.5
35208
35238.4
35268.5
35298.6
35328.4
35358.1
35387.7
35417.1
35446.3
35475.3
35504.2
35533
35561.6
35590
35618.3
35646.4
35674.3
35702.1
35729.8
35757.2
35784.6
35811.7
35838.7
35865.6
35892.2
35918.8
35945.1
35971.3
35997.4
36023.3
36049
36074.6
36100
36125.2
36150.3
36175.3
36200.1
36224.7
36249.2
36273.5
36297.7
36321.7
36345.5
36369.2
36392.7
36416.1
36439.3
36462.4
36485.3
36508
36530.6
36553
36575.3
36597.4
36619.4
36641.1
36662.8
36684.3
36705.6
36726.7
36747.8
36768.6
36789.3
36809.8
36830.2
36850.4
36870.5
36890.4
36910.1
36929.7
36949.1
36968.4
36987.5
37006.5
37025.2
37043.9
37062.3
37080.7
37098.8
37116.8
37134.6
37152.3
37169.8
37187.2
37204.3
37221.4
37238.2
37254.9
37271.5
37287.9
37304.1
37320.1
37336
37351.8
37367.3
37382.7
37397.9
37413
37427.9
37442.7
37457.2
37471.6
37485.9
37499.9
37513.9
37527.6
37541.2
37554.6
37567.8
37580.8
37593.7
37606.5
37619
37631.4
37643.6
37655.6
37667.5
37679.1
37690.6
37701.9
37713.1
37724
37734.8
37745.4
37755.8
37766
37776
37785.9
37795.5
37805
37814.3
37823.3
37832.2
37840.9
37849.4
37857.6
37865.7
37873.4
37881
37888.4
37895.5
37902.4
37909.1
37915.6
37921.8
37927.8
37933.6
37939.2
37944.6
37949.7
37954.6
37959.4
37963.9
37968.1
37972.2
37976.1
37979.7
37983.1
37986.3
37989.4
37992.1
37994.7
37997.1
37999.3
38001.2
38003
38004.5
38005.9
38007
38008
38008.7
38009.3
38009.7
38009.8
38009.8
38009.6
38009.2
38008.5
38007.7
38006.7
38005.5
38004.1
38002.5
38000.7
37998.8
37996.6
37994.2
37991.7
37989
37986.1
37983
37979.8
37976.3
37972.7
37969
37965
37960.9
37956.7
37952.3
37947.7
37942.9
37938
37933
37927.8
37922.4
37916.9
37911.2
37905.4
37899.4
37893.3
37887
37880.6
37874.1
37867.4
37860.6
37853.7
37846.6
37839.4
37832
37824.4
37816.7
37808.6
37800.2
37791.4
37782.2
37772.4
37762.2
37751.5
37740.3
37728.7
37716.8
37704.5
37691.8
37678.9
37665.7
37652.2
37638.5
37624.5
37610.3
37595.8
37581.1
37566.1
37550.9
37535.4
37519.7
37503.7
37487.5
37471.1
37454.4
37437.5
37420.4
37403.1
37385.6
37367.8
37349.9
37331.7
37313.3
37294.6
37275.7
37256.5
37237.1
37217.4
37197.5
37177.2
37156.7
37135.9
37114.8
37093.4
37071.7
37049.7
37027.3
37004.7
36981.8
36958.6
36935.1
36911.4
36887.4
36863.2
36838.7
36814
36789.1
36763.9
36738.5
36712.9
36687
36660.9
36634.6
36608
36581.2
36554.2
36527
36499.5
36471.8
36443.9
36415.7
36387.4
36358.8
36329.9
36300.9
36271.6
36242.1
36212.4
36182.5
36152.3
36122
36091.4
36060.6
36029.5
35998.3
35966.8
35935.1
35903.2
35871.1
35838.8
35806.3
35773.6
35740.7
35707.5
35674.2
35640.7
35606.9
35573
35538.9
35504.5
35470
35435.3
35400.4
35365.3
35330
35294.5
35258.8
35222.9
35186.9
35150.6
35114.1
35077.5
35040.6
35003.6
34966.3
34928.9
34891.3
34853.5
34815.5
34777.4
34739
34700.5
34661.8
34622.8
34583.7
34544.4
34505
34465.3
34425.4
34385.4
34345.2
34304.7
34264.1
34223.4
34182.4
34141.2
34099.9
34058.4
34016.8
33974.9
33932.8
33890.6
33848.2
33805.6
33762.8
33719.9
33676.7
33633.4
33589.9
33546.2
33502.3
33458.2
33413.9
33369.5
33324.8
33280
33235
33189.8
33144.4
33098.9
33053.1
33007.1
32961
32914.7
32868.2
32821.5
32774.6
32727.5
32680.2
32632.7
32585.1
32537.3
32489.2
32441
32392.7
32344.1
32295.3
32246.3
32197.1
32147.7
32098.2
32048.5
31998.6
31948.6
31898.5
31848.3
31798
31747.5
31697
31646.4
31595.7
31544.9
31494
31443
31391.9
31340.7
31289.4
31238
31186.6
31135
31083.3
31031.6
30979.7
30927.8
30875.8
30823.7
30771.5
30719.2
30666.9
30614.4
30561.9
30509.3
30456.6
30403.8
30351
30298.1
30245.1
30192
30138.9
30085.7
30032.4
29979
29925.6
29872.1
29818.5
29764.9
29711.2
29657.4
29603.5
29549.6
29495.6
29441.6
29387.5
29333.4
29279.1
29224.8
29170.5
29116.1
29061.6
29007.1
28952.6
28897.9
28843.2
28788.5
28733.7
28678.9
28624
28569
28514
28458.9
28403.8
28348.7
28293.5
28238.2
28182.9
28127.5
28072.1
28016.7
27961.2
27905.7
27850.1
27794.4
27738.8
27683
27627.3
27571.5
27515.6
27459.7
27403.8
27347.8
27291.8
27235.8
27179.7
27123.6
27067.4
27011.2
26955
26898.7
26842.4
26786
26729.6
26673.2
26616.7
26560.2
26503.7
26447.2
26390.6
26333.9
26277.2
26220.5
26163.8
26107
26050.2
25993.4
25936.5
25879.6
25822.7
25765.7
25708.7
25651.7
25594.7
25537.6
25480.5
25423.4
25366.3
25309.1
25251.9
25194.7
25137.4
25080.2
25022.9
24965.6
24908.3
24850.9
24793.6
24736.2
24678.8
24621.4
24563.9
24506.5
24449
24391.5
24334
24276.5
24218.9
24161.4
24103.8
24046.2
23988.6
23930.9
23873.3
23815.6
23758
23700.3
23642.6
23584.9
23527.2
23469.4
23411.7
23353.9
23296.1
23238.3
23180.5
23122.7
23064.9
23007.1
22949.3
22891.4
22833.6
22775.7
22717.8
22660
22602.1
22544.2
22486.3
22428.3
22370.4
22312.5
22254.5
22196.6
22138.6
22080.6
22022.6
21964.6
21906.6
21848.6
21790.6
21732.6
21674.5
21616.5
21558.4
21500.4
21442.3
21384.3
21326.2
21268.1
21210.1
21152
21093.9
21035.8
20977.8
20919.7
20861.6
20803.5
20745.5
20687.4
20629.3
20571.3
20513.2
20455.1
20397.1
20339
20281
20222.9
20164.9
20106.9
20048.8
19990.8
19932.8
19874.8
19816.7
19758.7
19700.7
19642.7
19584.7
19526.8
19468.8
19410.8
19352.9
19294.9
19237
19179
19121.1
19063.2
19005.2
18947.3
18889.4
18831.5
18773.7
18715.8
18657.9
18600
18542.2
18484.4
18426.5
18368.7
18310.9
18253.1
18195.3
18137.5
18079.7
18021.9
17964.2
17906.4
17848.7
17791
17733.2
17675.5
17617.9
17560.2
17502.5
17444.8
17387.2
17329.6
17271.9
17214.3
17156.7
17099.2
17041.6
16984
16926.5
16868.9
16811.4
16753.9
16696.4
16638.9
16581.5
16524
16466.6
16409.1
16351.7
16294.3
16237
16179.6
16122.3
16064.9
16007.6
15950.3
15893
15835.8
15778.5
15721.3
15664.1
15606.9
15549.7
15492.6
15435.4
15378.3
15321.2
15264.1
15207.1
15150
15093
15036
14979
14922
14865
14808.1
14751.2
14694.3
14637.4
14580.6
14523.7
14466.9
14410.1
14353.3
14296.6
14239.8
14183.1
14126.4
14069.7
14013.1
13956.5
13899.8
13843.3
13786.7
13730.1
13673.6
13617.1
13560.6
13504.2
13447.8
13391.4
13335
13278.6
13222.3
13166
13109.7
13053.4
12997.2
12941
12884.8
12828.6
12772.5
12716.4
12660.3
12604.3
12548.2
12492.2
12436.2
12380.3
12324.4
12268.5
12212.6
12156.7
12100.9
12045.1
11989.4
11933.6
11877.9
11822.3
11766.6
11711
11655.4
11599.9
11544.3
11488.8
11433.4
11377.9
11322.5
11267.2
11211.8
11156.5
11101.2
11046
10990.7
10935.6
10880.4
10825.3
10770.2
10715.1
10660.1
10605.1
10550.1
10495.2
10440.3
10385.5
10330.6
10275.8
10221.1
10166.3
10111.7
10057
10002.4
9947.79
9893.23
9838.71
9784.22
9729.77
9675.36
9620.98
9566.63
9512.32
9458.05
9403.82
9349.63
9295.47
9241.35
9187.27
9133.22
9079.21
9025.25
8971.32
8917.43
8863.58
8809.77
8756
8702.27
8648.57
8594.92
8541.31
8487.74
8434.21
8380.72
8327.27
8273.87
8220.5
8167.18
8113.9
8060.66
8007.47
7954.32
7901.21
7848.14
7795.11
7742.13
7689.2
7636.31
7583.46
7530.66
7477.9
7425.18
7372.52
7319.89
7267.32
7214.79
7162.31
7109.87
7057.49
7005.15
6952.86
6900.62
6848.43
6796.29
6744.2
6692.15
6640.17
6588.23
6536.34
6484.51
6432.72
6380.99
6329.31
6277.69
6226.11
6174.6
6123.13
6071.73
6020.37
5969.07
5917.83
5866.64
5815.51
5764.44
5713.42
5662.47
5611.57
5560.73
5509.94
5459.22
5408.55
5357.94
5307.39
5256.9
5206.46
5156.09
5105.79
5055.54
5005.35
4955.22
4905.16
4855.15
4805.21
4755.33
4705.52
4655.77
4606.09
4556.46
4506.9
4457.42
4407.99
4358.64
4309.36
4260.14
4210.99
4161.9
4112.89
4063.94
4015.07
3966.27
3917.53
3868.87
3820.28
3771.76
3723.31
3674.94
3626.64
3578.42
3530.27
3482.21
3434.22
3386.3
3338.46
3290.71
3243.03
3195.42
3147.9
3100.46
3053.1
3005.82
2958.62
2911.51
2864.47
2817.52
2770.66
2723.88
2677.19
2630.58
2584.05
2537.62
2491.28
2445.02
2398.86
2352.79
2306.8
2260.91
2215.11
2169.41
2123.8
2078.28
2032.87
1987.54
1942.3
1897.17
1852.14
1807.19
1762.34
1717.6
1672.97
1628.43
1583.98
1539.66
1495.43
1451.29
1407.28
1363.38
1319.56
1275.85
1232.29
1188.9
1145.65
1102.59
1059.75
1017.03
974.461
932.129
889.977
847.916
806.068
764.481
722.976
681.578
640.498
599.613
558.715
518.041
477.758
437.485
397.186
357.358
317.823
278.037
238.464
199.58
160.596
121.256
82.6805
44.6836
5.92865
-32.7254
-69.9911
-107.533
-146.225
-183.557
-219.567
-257.452
-295.633
-330.821
-366.529
-405.337
-441.493
-474.483
-511.943
-550.796
-582.883
-615.859
-656.818
-691.969
-719.415
-757.711
-799.759
-826.069
-854.203
-902.578
-936.554
-952.258
-996.411
-1046.89
-1060.66
-1079.41
-1150.44
-1181.36
-1169.56
-1223.36
-1301.05
-1305.53
-1277.4
-1379.64
-1438.31
-1426.54
-1391.21
-1518.34
-1567.49
-1545.08
-1497.52
-1635.3
-1688.36
-1670.95
-1606.43
-1722.91
-1799.46
-1798.43
-1721.57
-1806.08
-1932.04
-1946.76
-1866.95
-1853.97
-2148.18
-2151.4
-2125.19
-1995.75
-1947.76
-2277.37
-2285.39
-2287.59
-2105.42
-2018.67
-2401.99
-2391.7
-2394.9
-2372.05
-2208.75
-2171.19
-2568.44
-2564.26
-2555.31
-2368.24
-2281.68
-2583.4
-2623.39
-2634.08
-2614.12
-2468.48
-2476.81
-2834.7
-2834.32
-2786.84
-2665.46
-2623.68
-2920.54
-2932.05
-2928.9
-2748.77
-2693.8
-3198.2
-3109.54
-3107.35
-2973.64
-2832.14
-2790.99
-3191.79
-3168.6
-3174.12
-3036.4
-2910.51
-2958
-3329.05
-3308.56
-3294.73
-3137.91
-3074.89
-3366.34
-3383.45
-3392.65
-3263.06
-3159.29
-3299.39
-3442.38
-3460.72
-3427.71
-3332.91
-3402.15
-3528.96
-3535.26
-3429.08
-3440.27
-3731.83
-3729.53
-3671.69
-3560.31
-3529.89
-3873.29
-3863.96
-3850.39
-3665.48
-3560.05
-3804.77
-3927.19
-3949.98
-3897.13
-3747.4
-3809.94
-4064.53
-4078.02
-3885.32
-3823.16
-4390.21
-4356.16
-4345.87
-4082.35
-3898.17
-4013.94
-4531.11
-4486.21
-4493.39
-4223.47
-4047.07
-4290.65
-4539.41
-4557.02
-4556.69
-4277.2
-4248.43
-5043.6
-4959.23
-4946.88
-4745.91
-4609.73
-4558.73
-5033.25
-5019.81
-5024.84
-4905.35
-4712.75
-4690.07
-5220.41
-5222.89
-5115.41
-4929.19
-4846.59
-5125.46
-5230.5
-5242.42
-4997.75
-4917.21
-5511.34
-5457.18
-5456.34
-5118.41
-4891.98
-5051.81
-5602.58
-5458.05
-5454.69
-5372.66
-5100.17
-4985.78
-5294.49
-5421.31
-5419.73
-5133.07
-5107.2
-5811.42
-5752.86
-5725.77
-5587.72
-5504.94
-5464.46
-5846.83
-5846.93
-5852.19
-5596.15
-5426.37
-5631.14
-5893.06
-5893.14
-5890.49
-5580.63
-5496.74
-6212.81
-6130.22
-6129.08
-5746.14
-5486.84
-5529.29
-6858.57
-6509
-6459.83
-6425.67
-6556.51
-6704.07
-6777.98
-6785.17
-7155.17
-7042.19
-7053.88
-6973.68
-6939.42
-6928.8
-7445.23
-7368.85
-7335.6
-7220.34
-7175.62
-7157.79
-7726.14
-7651.57
-7616.28
-7476.89
-7415.85
-7393.77
-7947.97
-7885.42
-7848.19
-7680.92
-7596.63
-7584.78
-8196.41
-8152.87
-8055.58
-7941.81
-7902.47
-7922.65
-8426.52
-8398.93
-8275.31
-8146.28
-8102.35
-8359.97
-8426.91
-8435.8
-8186.37
-8043.23
-8289.38
-8444.27
-8458.81
-8349.89
-8163.38
-8153.04
-8527.79
-8531.29
-8146.79
-7971.51
-8505.03
-8439.65
-8346.89
-8362.79
-8065.54
-7769.48
-7721.13
-8447.93
-8454.8
-8343.07
-8123.95
-8005.02
-8017.04
-8492.24
-8498.52
-8179.01
-7973.91
-8074.25
-8725.35
-8516.34
-8502.88
-8335.57
-8096.72
-7989.76
-8097.35
-8412.74
-8433.36
-8182.54
-8034.08
-8195.97
-8408.23
-8429.63
-8290.6
-8138.53
-8165.55
-8449.82
-8442.95
-8140.13
-8041.72
-8638.97
-8550.51
-8549.93
-8284.75
-8048.17
-7988.16
-8517.04
-8519.69
-8529.76
-8187.15
-7954.42
-7995.4
-8863.74
-8760.52
-8745.16
-8540.72
-8445.27
-8406.02
-8593.42
-8757.31
-8766.14
-8702.45
-8520.15
-8456.9
-8689.07
-8731.05
-8558.63
-8401.04
-8433.66
-8751.53
-8752.73
-8395.56
-8250.13
-8828.22
-8713.91
-8659.31
-8652.23
-8211.06
-7920.64
-7958.33
-8907.92
-8844.92
-8799.38
-8563.5
-8459.39
-8404.88
-8590.87
-8746.62
-8763.76
-8573.5
-8429.08
-8485.54
-8761.71
-8769.74
-8464.88
-8304.18
-8599.84
-8725.22
-8713.52
-8709.84
-8310.56
-8113.91
-8436.73
-8624.67
-8640.95
-8613.12
-8252.65
-8100.26
-8349.58
-8519.26
-8539.26
-8249.86
-8080.03
-8213.35
-8479.01
-8501.5
-8372.95
-8208.92
-8164.95
-8431.15
-8453.2
-8203.76
-8022.18
-8074.87
-8564.71
-8553.16
-8475.53
-8306.49
-8200.2
-8186.76
-8539.9
-8546.4
-8171.42
-7931.92
-8093.23
-8619.54
-8410.36
-8380.39
-8345.27
-7933.48
-7659.76
-7609.8
-8261.04
-8291.22
-8231.57
-7937.22
-7784.73
-7750.58
-8187.26
-8209.05
-8066.62
-7900.98
-7809.61
-7865.07
-8062.14
-8043.77
-7798.88
-7703.21
-7937.34
-8011.05
-7991.08
-7727.22
-7602.09
-7784.74
-7923.9
-7929.96
-7614.92
-7461.82
-7707.72
-7858.35
-7878.68
-7798.43
-7600.36
-7498.55
-7579.48
-7671.89
-7550.11
-7414.35
-7414.18
-7527.37
-7439.03
-7292.62
-7256.6
-7400.96
-7374.43
-7133.93
-7027.24
-7222.28
-7313.83
-7286.93
-7049.8
-6936.46
-7070.53
-7189.56
-7158.85
-6939.2
-6843.13
-6983.99
-7061.61
-6977.16
-6822.91
-6765.08
-6886.7
-6883.82
-6618.68
-6503.49
-6735.15
-6826.11
-6828.73
-6513.82
-6340.6
-6505.07
-6762.69
-6774.23
-6754.81
-6448.87
-6274.69
-6352.02
-6701.31
-6719.94
-6556.63
-6390.48
-6313.85
-6435.7
-6525.99
-6444.83
-6287.44
-6222.62
-6316.03
-6308.68
-6072.65
-5970.44
-6149.86
-6230.31
-6195.06
-5994.18
-5883.49
-5943.54
-6054.52
-5976.16
-5826.12
-5764.87
-5851.58
-5831
-5613.92
-5517.62
-5656.5
-5726.49
-5645.81
-5496.34
-5425.71
-5497.94
-5496.65
-5273.08
-5171.59
-5318.11
-5397.83
-5350.32
-5179.77
-5084.43
-5125.84
-5177.41
-5015.18
-4895.65
-4924.78
-5019.53
-4935.12
-4798.77
-4743.95
-4821.3
-4787.56
-4594.1
-4502.18
-4593.5
-4644.44
-4500.18
-4370.8
-4359
-4491.94
-4451.53
-4260.33
-4150.42
-4191.25
-4287.7
-4195.63
-4056.37
-3997.87
-4064.19
-4026.03
-3844.16
-3757.33
-3829.65
-3859.84
-3692.53
-3572.37
-3590.24
-3702.97
-3643.56
-3491.85
-3407.55
-3437.45
-3450
-3275.11
-3169.35
-3211.8
-3274.48
-3157
-3035.16
-3005.61
-3091.62
-3038.18
-2871.09
-2780.4
-2817.2
-2842.95
-2679.56
-2566.38
-2580.03
-2656
-2560.38
-2431.88
-2377.78
-2434.05
-2388.71
-2224.48
-2139.42
-2179.28
-2190.12
-2020.8
-1913.07
-1938.38
-2009.43
-1912.86
-1788.3
-1735.81
-1788.48
-1741.63
-1583.26
-1498.66
-1528.37
-1535.14
-1372.67
-1267.64
-1283.83
-1341.54
-1233.88
-1113.81
-1069.57
-1125.03
-1069.54
-916.668
-834.364
-857.226
-856.075
-696.39
-594.695
-605.78
-649.983
-537.102
-421.606
-381.513
-430.511
-367.796
-224.675
-146.709
-161.628
-145.712
-0.501785
94.2978
96.7194
81.8551
208.286
315.136
341.957
305.108
389.458
512.831
576.591
564.092
611.591
741.399
821.88
830.263
852.647
973.858
1065.53
1091.33
1094.98
1204.51
1306.31
1347.61
1345.04
1434.15
1542.34
1598.81
1604.99
1672.93
1783.13
1852.22
1872.95
1920.26
2023.71
2104.38
2142.54
2176.31
2265.79
2354.72
2408.92
2442.99
2514.79
2606.8
2673.61
2715.75
2773.01
2858.82
2934.21
2986.89
3037.65
3112.99
3192.61
3255.11
3307.56
3373.3
3451.94
3521.27
3578.34
3638.34
3711.41
3784.11
3846.59
3905.7
3973.01
4045.91
4112.66
4173.54
4237.16
4307.18
4376.09
4439.5
4501.91
4568.7
4637.84
4703.5
4766.45
4831.04
4898.66
4965.45
5029.44
5093.08
5158.86
5225.66
5290.65
5354.34
5418.81
5484.68
5550.1
5614.13
5677.94
5742.72
5807.95
5872.31
5935.98
5999.93
6064.5
6128.88
6192.56
6256.06
6319.92
6383.98
6447.62
6510.86
6574.15
6637.66
6701.1
6764.17
6827.07
6890.05
6953.1
7015.95
7078.56
7141.09
7203.68
7266.21
7328.53
7390.7
7452.84
7514.96
7576.95
7638.78
7700.51
7762.19
7823.8
7885.29
7946.63
8007.88
8069.08
8130.18
8191.16
8252.03
8312.81
8373.51
8434.11
8494.59
8554.97
8615.26
8675.46
8735.56
8795.54
8855.43
8915.22
8974.92
9034.5
9093.98
9153.36
9212.64
9271.8
9330.86
9389.82
9448.67
9507.41
9566.06
9624.6
9683.05
9741.39
9799.63
9857.77
9915.8
9973.72
10031.5
10089.2
10146.8
10204.3
10261.7
10318.9
10376.1
10433.1
10490.1
10546.9
10603.7
10660.3
10716.8
10773.3
10829.6
10885.7
10941.8
10997.8
11053.6
11109.4
11165
11220.5
11275.9
11331.2
11386.4
11441.5
11496.5
11551.3
11606.1
11660.7
11715.2
11769.6
11823.9
11878.1
11932.2
11986.2
12040
12093.7
12147.4
12200.9
12254.3
12307.6
12360.8
12413.8
12466.8
12519.6
12572.3
12625
12677.5
12729.8
12782.1
12834.3
12886.3
12938.2
12990
13041.8
13093.3
13144.8
13196.2
13247.4
13298.6
13349.6
13400.5
13451.3
13502
13552.5
13603
13653.3
13703.5
13753.6
13803.6
13853.5
13903.2
13952.8
14002.4
14051.8
14101.1
14150.2
14199.3
14248.3
14297.1
14345.8
14394.4
14442.9
14491.3
14539.5
14587.6
14635.7
14683.6
14731.4
14779
14826.6
14874
14921.4
14968.6
15015.7
15062.6
15109.5
15156.2
15202.8
15249.4
15295.8
15342
15388.2
15434.2
15480.2
15526
15571.7
15617.2
15662.7
15708
15753.3
15798.4
15843.4
15888.3
15933
15977.7
16022.2
16066.6
16110.9
16155.1
16199.1
16243.1
16286.9
16330.6
16374.2
16417.7
16461.1
16504.3
16547.4
16590.5
16633.4
16676.1
16718.8
16761.3
16803.8
16846.1
16888.3
16930.3
16972.3
17014.2
17055.9
17097.5
17139
17180.4
17221.6
17262.8
17303.8
17344.7
17385.5
17426.2
17466.8
17507.2
17547.6
17587.8
17627.9
17667.9
17707.8
17747.5
17787.1
17826.7
17866.1
17905.4
17944.5
17983.6
18022.6
18061.4
18100.1
18138.7
18177.2
18215.6
18253.8
18292
18330
18367.9
18405.7
18443.4
18480.9
18518.4
18555.7
18593
18630.1
18667.1
18703.9
18740.7
18777.3
18813.9
18850.3
18886.6
18922.8
18958.9
18994.8
19030.7
19066.4
19102.1
19137.6
19173
19208.3
19243.4
19278.5
19313.4
19348.3
19383
19417.6
19452.1
19486.5
19520.7
19554.9
19589
19622.9
19656.7
19690.4
19724
19757.4
19790.8
19824.1
19857.2
19890.2
19923.1
19955.9
19988.6
20021.2
20053.7
20086
20118.3
20150.4
20182.4
20214.3
20246.1
20277.8
20309.4
20340.9
20372.2
20403.5
20434.6
20465.6
20496.5
20527.3
20558
20588.6
20619.1
20649.4
20679.7
20709.8
20739.8
20769.7
20799.6
20829.2
20858.8
20888.3
20917.7
20947
20976.1
21005.1
21034.1
21062.9
21091.6
21120.2
21148.7
21177.1
21205.3
21233.5
21261.5
21289.5
21317.3
21345
21372.6
21400.1
21427.5
21454.8
21482
21509.1
21536
21562.9
21589.6
21616.2
21642.8
21669.2
21695.5
21721.7
21747.8
21773.7
21799.6
21825.4
21851
21876.6
21902
21927.3
21952.5
21977.6
22002.6
22027.5
22052.3
22077
22101.6
22126
22150.4
22174.6
22198.7
22222.8
22246.7
22270.5
22294.2
22317.8
22341.2
22364.6
22387.9
22411.1
22434.1
22457.1
22479.9
22502.6
22525.2
22547.7
22570.1
22592.4
22614.6
22636.7
22658.7
22680.5
22702.3
22723.9
22745.5
22766.9
22788.2
22809.4
22830.5
22851.5
22872.4
22893.2
22913.8
22934.4
22954.8
22975.2
22995.4
23015.5
23035.5
23055.4
23075.2
23094.9
23114.4
23133.9
23153.2
23172.5
23191.6
23210.6
23229.5
23248.3
23267
23285.5
23304
23322.3
23340.6
23358.7
23376.7
23394.6
23412.3
23430
23447.5
23465
23482.3
23499.5
23516.6
23533.5
23550.4
23567.1
23583.7
23600.2
23616.6
23632.8
23648.9
23665
23680.8
23696.6
23712.2
23727.6
23742.9
23758
23773
23787.9
23802.6
23817.1
23831.5
23845.8
23860
23873.9
23887.8
23901.6
23915.6
23930.2
23946.7
23966
23988.2
24012.7
24038.4
24064.7
24091.2
24117.7
24144.1
24170.3
24196.3
24222.1
24247.6
24273
24298
24322.7
24347.1
24371.2
24394.8
24418.1
24441.1
24463.7
24485.9
24507.8
24529.3
24550.4
24571.1
24591.5
24611.6
24631.3
24650.6
24669.6
24688.2
24706.5
24724.5
24742.2
24759.6
24776.6
24793.3
24809.8
24826
24841.8
24857.4
24872.6
24887.6
24902.3
24916.6
24930.7
24944.5
24957.9
24971.1
24984
24996.5
25008.8
25020.9
25032.6
25044.2
25055.4
25066.5
25077.4
25088
25098.4
25108.6
25118.6
25128.4
25137.9
25147.1
25156.1
25164.8
25173.3
25181.5
25189.5
25197.2
25204.6
25211.8
25218.8
25225.5
25231.9
25238.1
25244
25249.7
25255.2
25260.3
25265.2
25269.9
25274.3
25278.4
25282.3
25285.9
25289.3
25292.4
25295.2
25297.7
25300
25302
25303.8
25305.2
25306.4
25307.4
25308
25308.4
25308.5
25308.4
25308
25307.3
25306.3
25305.1
25303.6
25301.8
25299.8
25297.5
25295
25292.2
25289.1
25285.8
25282.2
25278.4
25274.3
25269.9
25265.3
25260.4
25255.2
25249.8
25244.1
25238.1
25231.9
25225.4
25218.6
25211.6
25204.3
25196.7
25188.8
25180.7
25172.3
25163.7
25154.8
25145.6
25136.2
25126.5
25116.5
25106.3
25095.8
25085.1
25074
25062.8
25051.2
25039.4
25027.3
25015
25002.4
24989.5
24976.3
24962.9
24949.2
24935.3
24921.1
24906.6
24891.9
24877
24861.8
24846.4
24830.7
24814.8
24798.6
24782.2
24765.6
24748.7
24731.6
24714.2
24696.6
24678.8
24660.7
24642.4
24623.9
24605.1
24586.1
24566.9
24547.5
24527.8
24507.9
24487.7
24467.4
24446.8
24425.9
24404.9
24383.6
24362.1
24340.3
24318.4
24296.2
24273.8
24251.2
24228.3
24205.2
24181.9
24158.4
24134.6
24110.6
24086.4
24062
24037.4
24012.5
23987.4
23962.1
23936.5
23910.7
23884.7
23858.4
23831.9
23805.2
23778.2
23751
23723.5
23695.8
23667.8
23639.6
23611.1
23582.4
23553.5
23524.2
23494.8
23465
23435
23404.8
23374.2
23343.4
23312.4
23281
23249.5
23217.8
23185.9
23153.8
23121.5
23088.9
23056.2
23023.3
22990.2
22956.9
22923.4
22889.7
22855.7
22821.6
22787.3
22752.8
22718.1
22683.2
22648.2
22612.9
22577.4
22541.7
22505.9
22469.8
22433.6
22397.1
22360.5
22323.7
22286.7
22249.5
22212.1
22174.5
22136.8
22098.8
22060.7
22022.4
21984
21945.3
21906.6
21867.6
21828.5
21789.3
21749.9
21710.5
21670.8
21631.1
21591.2
21551.2
21511.1
21470.9
21430.5
21390.1
21349.5
21308.9
21268.1
21227.2
21186.3
21145.2
21104.1
21062.8
21021.4
20980
20938.4
20896.8
20855.1
20813.2
20771.3
20729.3
20687.3
20645.1
20602.8
20560.5
20518.1
20475.6
20433
20390.3
20347.6
20304.7
20261.8
20218.8
20175.7
20132.6
20089.3
20046
20002.7
19959.2
19915.7
19872.1
19828.4
19784.6
19740.8
19696.9
19652.9
19608.9
19564.8
19520.6
19476.4
19432.1
19387.7
19343.3
19298.8
19254.2
19209.6
19164.9
19120.1
19075.3
19030.5
18985.5
18940.6
18895.5
18850.4
18805.3
18760
18714.8
18669.4
18624.1
18578.6
18533.1
18487.6
18442
18396.3
18350.6
18304.9
18259.1
18213.3
18167.4
18121.4
18075.5
18029.4
17983.4
17937.2
17891.1
17844.9
17798.6
17752.3
17706
17659.6
17613.2
17566.7
17520.2
17473.7
17427.1
17380.4
17333.8
17287.1
17240.4
17193.6
17146.8
17099.9
17053.1
17006.1
16959.2
16912.2
16865.2
16818.1
16771.1
16724
16676.8
16629.7
16582.5
16535.3
16488
16440.7
16393.4
16346
16298.7
16251.3
16203.9
16156.4
16108.9
16061.4
16013.9
15966.3
15918.8
15871.2
15823.5
15775.9
15728.2
15680.5
15632.8
15585.1
15537.3
15489.5
15441.7
15393.9
15346
15298.2
15250.3
15202.4
15154.5
15106.6
15058.6
15010.6
14962.6
14914.6
14866.6
14818.6
14770.5
14722.5
14674.4
14626.3
14578.2
14530.1
14482
14433.8
14385.7
14337.5
14289.3
14241.1
14192.9
14144.7
14096.5
14048.2
14000
13951.7
13903.4
13855.2
13806.9
13758.6
13710.3
13662
13613.6
13565.3
13517
13468.6
13420.3
13371.9
13323.5
13275.2
13226.8
13178.4
13130
13081.6
13033.2
12984.8
12936.4
12887.9
12839.5
12791.1
12742.6
12694.2
12645.8
12597.3
12548.9
12500.4
12452
12403.5
12355
12306.6
12258.1
12209.7
12161.2
12112.7
12064.3
12015.8
11967.3
11918.9
11870.4
11821.9
11773.5
11725
11676.5
11628.1
11579.6
11531.1
11482.7
11434.2
11385.8
11337.3
11288.8
11240.4
11191.9
11143.5
11095
11046.6
10998.2
10949.7
10901.3
10852.9
10804.4
10756
10707.6
10659.2
10610.8
10562.4
10514
10465.6
10417.2
10368.8
10320.4
10272
10223.7
10175.3
10127
10078.6
10030.3
9981.94
9933.62
9885.3
9836.99
9788.68
9740.38
9692.09
9643.81
9595.53
9547.26
9499
9450.75
9402.51
9354.28
9306.05
9257.83
9209.63
9161.43
9113.24
9065.06
9016.89
8968.73
8920.57
8872.43
8824.3
8776.17
8728.06
8679.96
8631.87
8583.79
8535.72
8487.66
8439.61
8391.58
8343.55
8295.54
8247.54
8199.55
8151.57
8103.61
8055.66
8007.72
7959.79
7911.87
7863.97
7816.08
7768.2
7720.33
7672.48
7624.64
7576.82
7529
7481.21
7433.42
7385.65
7337.89
7290.15
7242.42
7194.71
7147.01
7099.32
7051.65
7004
6956.35
6908.73
6861.12
6813.52
6765.94
6718.38
6670.83
6623.29
6575.78
6528.27
6480.79
6433.31
6385.86
6338.42
6291
6243.59
6196.2
6148.83
6101.47
6054.13
6006.81
5959.51
5912.21
5864.94
5817.68
5770.44
5723.21
5676.01
5628.82
5581.65
5534.5
5487.37
5440.25
5393.16
5346.08
5299.02
5251.98
5204.96
5157.96
5110.98
5064.01
5017.06
4970.13
4923.22
4876.33
4829.47
4782.62
4735.79
4688.98
4642.2
4595.43
4548.68
4501.96
4455.25
4408.57
4361.9
4315.26
4268.63
4222.03
4175.44
4128.88
4082.34
4035.82
3989.32
3942.84
3896.38
3849.95
3803.54
3757.15
3710.78
3664.43
3618.11
3571.81
3525.53
3479.28
3433.04
3386.83
3340.65
3294.48
3248.34
3202.23
3156.13
3110.06
3064.02
3018
2972
2926.03
2880.08
2834.15
2788.25
2742.38
2696.53
2650.71
2604.91
2559.14
2513.39
2467.67
2421.97
2376.3
2330.66
2285.04
2239.44
2193.87
2148.33
2102.82
2057.33
2011.87
1966.43
1921.02
1875.64
1830.29
1784.96
1739.66
1694.39
1649.15
1603.93
1558.74
1513.58
1468.44
1423.34
1378.26
1333.22
1288.2
1243.2
1198.24
1153.31
1108.41
1063.54
1018.7
973.891
929.112
884.362
839.646
794.963
750.31
705.686
661.095
616.535
572.005
527.506
483.04
438.606
394.205
349.836
305.5
261.197
216.927
172.69
128.486
84.3169
40.1821
-3.918
-47.9838
-92.0152
-136.011
-179.971
-223.897
-267.789
-311.645
-355.466
-399.251
-443.002
-486.716
-530.375
-573.948
-617.423
-660.815
-704.107
-747.313
-790.428
-833.455
-876.394
-919.239
-962
-1004.67
-1047.26
-1089.75
-1132.16
-1174.47
-1216.71
-1258.85
-1300.9
-1342.87
-1384.75
-1426.56
-1468.27
-1509.9
-1551.44
-1592.89
-1634.26
-1675.54
-1716.74
-1757.86
-1798.89
-1839.83
-1880.69
-1921.47
-1962.16
-2002.77
-2043.3
-2083.74
-2124.1
-2164.37
-2204.57
-2244.68
-2284.7
-2324.65
-2364.51
-2404.29
-2443.99
-2483.61
-2523.14
-2562.59
-2601.97
-2641.26
-2680.47
-2719.59
-2758.65
-2797.62
-2836.51
-2875.32
-2914.05
-2952.69
-2991.26
-3029.74
-3068.15
-3106.47
-3144.72
-3182.89
-3220.98
-3259
-3296.93
-3334.78
-3372.56
-3410.26
-3447.88
-3485.42
-3522.88
-3560.26
-3597.57
-3634.8
-3671.95
-3709.02
-3746.02
-3782.94
-3819.78
-3856.55
-3893.24
-3929.86
-3966.4
-4002.86
-4039.25
-4075.56
-4111.8
-4147.96
-4184.05
-4220.07
-4256.01
-4291.88
-4327.67
-4363.4
-4399.04
-4434.62
-4470.13
-4505.56
-4540.92
-4576.22
-4611.46
-4646.65
-4681.77
-4716.8
-4751.76
-4786.64
-4821.47
-4856.29
-4891.12
-4926.08
-4961.38
-4997.45
-5034.79
-5073.92
-5115.25
-5158.97
-5205.05
-5253.25
-5303.28
-5354.72
-5407.18
-5460.34
-5513.92
-5567.69
-5621.51
-5675.27
-5728.94
-5782.48
-5835.86
-5889.16
-5942.26
-5995.22
-6048.08
-6100.76
-6153.36
-6205.78
-6258.03
-6310.18
-6362.13
-6413.96
-6465.57
-6517.08
-6568.34
-6619.45
-6670.34
-6721.02
-6771.49
-6821.75
-6871.8
-6921.64
-6971.27
-7020.69
-7069.9
-7118.89
-7167.66
-7216.21
-7264.56
-7312.71
-7360.65
-7408.39
-7455.95
-7503.3
-7550.47
-7597.47
-7644.28
-7690.91
-7737.36
-7783.62
-7829.72
-7875.63
-7921.36
-7966.95
-8012.37
-8057.62
-8102.75
-8147.75
-8192.59
-8237.31
-8281.92
-8326.4
-8370.74
-8414.98
-8459.13
-8503.15
-8547.02
-8590.82
-8634.53
-8678.07
-8721.48
-8764.85
-8808.06
-8851.07
-8894.01
-8936.87
-8979.48
-9021.9
-9064.31
-9106.52
-9148.38
-9190.18
-9231.97
-9273.36
-9314.44
-9355.67
-9396.68
-9437.03
-9477.41
-9518.02
-9557.87
-9597.16
-9637.11
-9676.79
-9715.11
-9753.85
-9793.48
-9831.37
-9868.34
-9907.44
-9945.82
-9981.02
-10018.3
-10057.9
-10092.5
-10126.2
-10166.6
-10203.1
-10232.3
-10270.7
-10312.3
-10338.5
-10369.3
-10418.2
-10447.6
-10463.9
-10518
-10560.9
-10560.7
-10607.2
-10677.3
-10672.4
-10674.6
-10797.1
-10822.1
-10743.6
-10804.8
-10989.2
-11000.5
-10859.9
-10851.3
-11320
-11315.4
-11272
-11092.7
-10984.7
-11175.9
-11357.2
-11389.2
-11332.4
-11222.1
-11353.7
-11476.9
-11473.2
-11350.3
-11430.8
-11636.8
-11651.8
-11503.6
-11454.6
-11946.2
-11925
-11911.1
-11689.3
-11535.6
-11673.7
-12024.2
-12022.6
-12029.8
-11803.8
-11714.4
-12238.9
-12215.7
-12223.5
-12006.7
-11820.3
-11892
-12449.2
-12405.7
-12400
-12142.1
-11999.2
-12269
-12442.4
-12451.2
-12460.2
-12226.8
-12147.6
-12714.6
-12685.6
-12684.8
-12363.9
-12172.2
-12440.2
-12708.5
-12654.1
-12673.4
-12618.7
-12377.8
-12341.3
-12874
-12885
-12790.6
-12607.8
-12524.9
-12779.7
-12881.5
-12893.5
-12681.7
-12625
-13224.5
-13159.7
-13154.4
-12919.1
-12745.2
-12745.5
-13768.9
-13550.6
-13543.1
-13569.8
-13811.3
-14236.9
-14653.1
-14901.6
-14855.6
-14601.4
-14385.3
-14390.1
-14430.1
-14445.6
-14445.4
-14621.5
-14587
-14561.3
-14449.3
-14425.3
-14691.4
-14706.3
-14642.1
-14497.3
-14507.3
-14813.8
-14825.2
-14653
-14530
-14683.6
-14868.8
-14881.7
-14770.6
-14647.4
-14754.6
-14915.7
-14915.5
-14728.4
-14720.2
-15149.6
-15135.5
-15040.2
-14897.7
-14843.2
-15121.5
-15171.9
-15175
-14913.3
-14825.3
-15360
-15278.3
-15278.5
-15009.5
-14793.3
-14808.1
-15733.6
-15580.5
-15576.6
-15356.6
-15246.7
-15215.5
-15536
-15592.9
-15576.6
-15552.3
-15283.6
-15210.6
-15691.7
-15692.6
-15657.9
-15398.2
-15271.6
-15440.5
-15658.2
-15680.3
-15533.7
-15399.2
-15498.6
-15682.4
-15685.1
-15454.4
-15423.2
-16027.2
-15960.3
-15934.6
-15821.9
-15766.8
-15731.7
-15988.8
-16032.1
-16038.3
-15792.9
-15669.9
-15987.2
-16044.2
-16047.4
-15973.9
-15770.7
-15713.4
-16055.2
-16088.4
-15935.2
-15763.4
-15745.5
-16238
-16238.9
-16033.4
-15863.3
-15819.9
-16360.4
-16279.6
-16279.5
-15996.4
-15786.5
-15778.5
-16890.7
-16687.2
-16702.1
-16608.3
-16691.6
-16886.4
-16924.4
-17060.9
-17070.5
-16990.8
-16991.8
-16774.7
-16652.9
-16852.3
-16990.6
-16999.8
-16901.4
-16731.2
-16710.1
-17044.6
-17051
-16683.7
-16502.6
-16897.9
-16934.8
-16816.2
-16827
-16677.5
-16373.6
-16251.4
-16499.7
-16642.2
-16584.2
-16353.6
-16313.8
-16602.7
-16620.7
-16358.9
-16197.3
-16356.9
-16617
-16611.6
-16599.6
-16298.9
-16180.6
-16568.3
-16614.3
-16627.7
-16363.5
-16169.7
-16215.5
-16760.5
-16747.3
-16650.8
-16497.1
-16411
-16436.7
-16744.1
-16747.1
-16437
-16285.6
-16628.1
-16689.2
-16648.5
-16659.5
-16336.7
-16098.1
-16152.5
-16784.7
-16771
-16675.6
-16499.6
-16399.7
-16390.2
-16786.2
-16792.4
-16467.8
-16251.9
-16322.3
-17119.6
-16810.3
-16768.9
-16663.4
-16466.4
-16380.1
-16315.3
-16483.9
-16640.2
-16643.1
-16330.9
-16239.6
-16681.8
-16650.3
-16653.6
-16370.7
-16157.8
-16154.6
-17172.1
-17023.6
-17029.9
-16974.5
-17076.1
-17258.9
-17310
-17363.7
-17477.9
-17409.7
-17408.3
-17224.8
-17119.4
-17232.7
-17417.5
-17423.4
-17318.2
-17162.9
-17119
-17351.1
-17374.8
-17110.6
-16945.1
-17024
-17397.5
-17393.8
-17306
-17136.7
-17052.4
-17121.5
-17255.9
-17199.6
-17037.6
-16994.8
-17165.1
-17162.9
-16875.8
-16758.9
-17094.3
-17129.3
-17137.7
-16977
-16797.8
-16737.2
-16975.4
-17031.8
-16930.4
-16769.7
-16706.9
-16851.1
-16885.2
-16677.9
-16552.6
-16651.3
-16816
-16820.5
-16555.6
-16430.5
-16665
-16767
-16781.1
-16686
-16517
-16439.2
-16548
-16610.2
-16465.1
-16339.7
-16364.4
-16489.7
-16425.2
-16282.5
-16235.5
-16362.7
-16355.6
-16108.8
-16003.5
-16239.5
-16315.4
-16319.2
-16013.1
-15844.2
-16011.8
-16256.1
-16256.7
-16248.2
-15902.5
-15718.6
-15867.1
-16174.8
-16183.1
-16160.9
-15853.1
-15690.7
-15760
-16102.4
-16118.5
-15938.6
-15781.8
-15723.9
-15927.3
-15987.9
-15914.8
-15750.4
-15667.4
-15728.9
-15776.6
-15605.9
-15498.8
-15571.6
-15664.8
-15606.5
-15469.3
-15413.7
-15504.3
-15495.6
-15278.5
-15183.7
-15351
-15426.2
-15395.5
-15203.8
-15102.9
-15166.3
-15273.4
-15212
-15066.3
-15003.3
-15080.2
-15074.5
-14865.6
-14773.8
-14921.3
-14991.9
-14944.4
-14785.6
-14699.9
-14746.5
-14789.9
-14626.4
-14519.3
-14572.8
-14660.9
-14588.6
-14462.2
-14412.1
-14488
-14459.5
-14275.7
-14192
-14292.1
-14343.4
-14225.5
-14104.3
-14078.7
-14198.3
-14171
-13972.5
-13865.3
-13934
-14048.6
-14006.8
-13843.3
-13757.9
-13800.6
-13837.7
-13681.2
-13575.6
-13608.9
-13691.8
-13613
-13491.4
-13442.1
-13506.8
-13470
-13302.1
-13223.1
-13294.4
-13323.5
-13163.6
-13051.6
-13073.7
-13185.4
-13137
-12992
-12911
-12938.4
-12961.4
-12807
-12706.5
-12735.7
-12799
-12697.6
-12584.7
-12553.2
-12626.2
-12573.9
-12422.5
-12344.8
-12385.7
-12394.6
-12225.8
-12128.1
-12171.3
-12237.3
-12145
-12031.4
-11989
-12049
-12002.7
-11852.4
-11776.2
-11815.5
-11823.8
-11662.9
-11565.7
-11597.8
-11662.5
-11571.5
-11459
-11414.6
-11467.7
-11420
-11274.6
-11200.3
-11233.2
-11234.6
-11077.8
-10984.1
-11011.5
-11063.9
-10960.5
-10852.4
-10817.9
-10876.4
-10822
-10682.3
-10608.3
-10631.9
-10629.5
-10480.1
-10388.4
-10403.6
-10442.1
-10333.1
-10229.3
-10199.3
-10249.5
-10185.7
-10058.6
-9991.43
-10008.4
-9986.85
-9853.21
-9770.59
-9773.28
-9776.66
-9649.73
-9557.5
-9548.27
-9577.55
-9479.49
-9375.68
-9334.85
-9363.44
-9301.65
-9181
-9115.76
-9122.18
-9088.78
-8970.43
-8893.98
-8883.93
-8869.9
-8759.82
-8674.23
-8649.8
-8650.39
-8551.38
-8457.54
-8419.92
-8424.56
-8345.15
-8245.55
-8193.77
-8189.38
-8127.58
-8026.28
-7964.14
-7947.17
-7902.69
-7807.27
-7735.61
-7703.85
-7671.67
-7587.16
-7508.07
-7462.52
-7432.24
-7362.28
-7279.68
-7222.86
-7186.85
-7129.82
-7049.65
-6984.71
-6940.86
-6892.31
-6819.69
-6749.73
-6697.46
-6650.41
-6586.37
-6514.86
-6455.79
-6406.12
-6348.59
-6279.83
-6216.5
-6163.06
-6108.72
-6044.54
-5979.33
-5921.91
-5867.61
-5807.48
-5742.69
-5682.4
-5626.79
-5569.27
-5506.82
-5445.16
-5387.79
-5331.15
-5271.13
-5209.41
-5150.51
-5093.61
-5035.31
-4974.74
-4915.07
-4857.58
-4800.15
-4740.99
-4681.3
-4623.18
-4565.92
-4507.88
-4448.85
-4390.41
-4333.05
-4275.71
-4217.55
-4159.23
-4101.74
-4044.71
-3987.33
-3929.53
-3872.05
-3815.12
-3758.27
-3701.09
-3643.87
-3587.05
-3530.54
-3473.92
-3417.15
-3360.57
-3304.3
-3248.14
-3191.87
-3135.63
-3079.62
-3023.8
-2968.01
-2912.19
-2856.5
-2801
-2745.62
-2690.25
-2634.93
-2579.77
-2524.75
-2469.82
-2414.93
-2360.13
-2305.48
-2250.95
-2196.48
-2142.09
-2087.8
-2033.65
-1979.59
-1925.62
-1871.73
-1817.96
-1764.3
-1710.73
-1657.24
-1603.86
-1550.59
-1497.42
-1444.35
-1391.38
-1338.51
-1285.76
-1233.11
-1180.56
-1128.11
-1075.77
-1023.53
-971.388
-919.341
-867.396
-815.554
-763.815
-712.18
-660.652
-609.234
-557.927
-506.727
-455.633
-404.646
-353.765
-302.992
-252.323
-201.76
-151.302
-100.952
-50.7087
-0.571747
49.4581
99.3798
149.193
198.897
248.494
297.982
347.363
396.634
445.797
494.852
543.798
592.634
641.362
689.981
738.49
786.89
835.18
883.36
931.43
979.39
1027.24
1074.98
1122.61
1170.13
1217.54
1264.84
1312.03
1359.11
1406.08
1452.94
1499.69
1546.33
1592.85
1639.27
1685.57
1731.77
1777.85
1823.82
1869.68
1915.43
1961.06
2006.59
2052
2097.3
2142.49
2187.57
2232.53
2277.39
2322.13
2366.76
2411.28
2455.69
2499.99
2544.17
2588.24
2632.2
2676.05
2719.78
2763.4
2806.91
2850.3
2893.58
2936.75
2979.81
3022.75
3065.58
3108.3
3150.9
3193.39
3235.77
3278.03
3320.18
3362.22
3404.15
3445.96
3487.65
3529.23
3570.7
3612.06
3653.3
3694.43
3735.45
3776.35
3817.14
3857.82
3898.39
3938.84
3979.18
4019.41
4059.52
4099.52
4139.41
4179.18
4218.84
4258.39
4297.82
4337.14
4376.35
4415.44
4454.41
4493.27
4532.02
4570.66
4609.18
4647.59
4685.88
4724.06
4762.13
4800.09
4837.93
4875.66
4913.28
4950.78
4988.17
5025.45
5062.61
5099.66
5136.6
5173.43
5210.14
5246.74
5283.23
5319.6
5355.86
5392
5428.04
5463.96
5499.77
5535.46
5571.04
5606.5
5641.86
5677.1
5712.22
5747.24
5782.14
5816.92
5851.59
5886.15
5920.6
5954.92
5989.14
6023.24
6057.23
6091.1
6124.86
6158.5
6192.03
6225.44
6258.74
6291.93
6324.99
6357.94
6390.78
6423.5
6456.11
6488.6
6520.97
6553.23
6585.37
6617.39
6649.3
6681.09
6712.78
6744.35
6775.8
6807.13
6838.34
6869.43
6900.4
6931.25
6961.99
6992.62
7023.13
7053.52
7083.8
7113.96
7144
7173.92
7203.72
7233.4
7262.97
7292.42
7321.75
7350.96
7380.06
7409.04
7437.92
7466.67
7495.31
7523.83
7552.24
7580.52
7608.69
7636.74
7664.68
7692.5
7720.22
7747.81
7775.3
7802.68
7829.94
7857.08
7884.1
7911.01
7937.8
7964.48
7991.05
8017.51
8043.86
8070.1
8096.23
8122.25
8148.15
8173.94
8199.61
8225.17
8250.62
8275.95
8301.18
8326.31
8351.34
8376.26
8401.07
8425.78
8450.38
8474.87
8499.24
8523.52
8547.69
8571.76
8595.73
8619.6
8643.36
8667.03
8690.58
8714.03
8737.38
8760.62
8783.76
8806.8
8829.75
8852.61
8875.37
8898.03
8920.58
8943.04
8965.41
8987.67
9009.85
9031.92
9053.91
9075.79
9097.58
9119.27
9140.87
9162.37
9183.77
9205.08
9226.3
9247.42
9268.44
9289.36
9310.19
9330.93
9351.56
9372.1
9392.54
9412.89
9433.14
9453.29
9473.35
9493.3
9513.16
9532.92
9552.57
9572.13
9591.59
9610.96
9630.22
9649.4
9668.47
9687.45
9706.32
9725.12
9743.82
9762.43
9780.94
9799.35
9817.66
9835.88
9853.99
9872.01
9889.94
9907.8
9925.72
9944.08
9963.96
9986.61
10012.8
10042.6
10075
10109.2
10144.3
10179.9
10215.5
10251.2
10286.6
10321.9
10357.1
10392.2
10427
10461.7
10496.2
10530.6
10564.7
10598.8
10632.7
10666.4
10700
10733.5
10766.8
10800.1
10833.3
10866.4
10899.4
10932.2
10964.9
10997.3
11029.4
11061.3
11093
11124.4
11155.6
11186.5
11217.1
11247.4
11277.3
11306.9
11336.1
11365
11393.5
11421.7
11449.7
11477.3
11504.7
11531.7
11558.4
11584.9
11611
11636.8
11662.2
11687.5
11712.4
11737
11761.5
11785.6
11809.6
11833.3
11856.8
11880.1
11903.2
11926
11948.7
11971.1
11993.4
12015.4
12037.1
12058.6
12079.8
12100.7
12121.3
12141.6
12161.7
12181.5
12201.1
12220.5
12239.8
12259.1
12278.4
12297.8
12317.4
12337.1
12356.9
12376.7
12396.6
12416.3
12436
12455.6
12475
12494.3
12513.4
12532.3
12550.9
12569.3
12587.5
12605.5
12623.3
12640.8
12658.1
12675.2
12692.1
12708.7
12725
12741.1
12757
12772.6
12788
12803.2
12818
12832.7
12847.1
12861.2
12875.2
12889
12902.7
12916.2
12929.6
12943
12956.2
12969.4
12982.3
12995.1
13007.8
13020.3
13032.6
13044.7
13056.6
13068.4
13079.9
13091.2
13102.4
13113.3
13124
13134.5
13144.8
13154.8
13164.6
13174.1
13183.3
13192.3
13201.1
13209.6
13217.8
13225.8
13233.5
13241
13248.2
13255.1
13261.8
13268.2
13274.3
13280.2
13285.7
13291
13296
13300.7
13305.1
13309.3
13313.2
13316.8
13320.1
13323.2
13326
13328.5
