1105.16
30.8233
2045.14
795.556
176.647
11164.8
2285.8
14324.2
7079.82
28610.3
172341
2504.25
224500
420824
381171
558769
126431
1.6007e+06
162526
2.97868e+06
932842
3.01448e+06
4.421e+06
375355
2.81744e+06
1.54853e+06
873399
3.76554e+06
597735
1.80105e+06
1.26013e+06
538279
2.37458e+06
88559.9
2.15976e+06
244751
5.95414e+06
3.33207e+06
457094
6.29061e+06
2.97834e+06
194980
6.70158e+06
2.15294e+06
1.42101e+06
4.9426e+06
1.9241e+06
291417
3.40589e+06
441886
2.62572e+06
1.57134e+06
696094
3.73477e+06
683618
1.53531e+06
1.16686e+06
509049
2.28207e+06
103608
1.80061e+06
136473
6.03156e+06
2.55844e+06
1.41508e+06
6.191e+06
3.19554e+06
438.227
5.80774e+06
1.16146e+06
5.00079e+06
6.90817e+06
2.29125e+06
395744
5.01699e+06
1.43528e+06
1.13655e+06
2.38603e+06
99476.1
3.66387e+06
1.02977e+06
2.82184e+06
3.6508e+06
303483
3.98252e+06
2.43556e+06
358018
3.17769e+06
521053
3.35057e+06
3.22743e+06
4250.97
2.76155e+06
164559
9.51672e+06
5.67197e+06
41997.8
1.19709e+07
8.13696e+06
317430
8.72291e+06
1.7164e+07
1.44786e+07
7.8106e+06
1.27156e+06
2.27873e+06
3.72611e+06
489970
2.90558e+06
2.57189e+06
16494.4
1.85667e+06
622.415
7.16989e+06
1.68653e+06
4.52464e+06
8.42914e+06
4.48268e+06
202635
5.41769e+06
3.97981e+06
6097.71
4.55901e+06
1.20867e+06
4.52289e+06
8.75925e+06
4.12655e+06
109534
3.13311e+06
817236
4.12649e+06
6.13458e+06
1.50581e+06
631356
1.5331e+06
14347.8
3.46892e+06
451867
3.91771e+06
2.71429e+06
165085
7.3295e+06
2.77701e+06
710368
5.04964e+06
2.01921e+06
508274
5.34842e+06
2.11042e+06
241883
1.7871e+06
4969.91
5.30305e+06
1.22675e+06
3.95697e+06
5.78599e+06
1.65481e+06
905577
4.79351e+06
1.7741e+06
168940
911574
231316
2.78821e+06
529410
1.12737e+06
433069
2.11989e+06
2.36949e+06
10368.9
1.08828e+06
56262.4
5.1479e+06
1.46114e+06
1.72541e+06
3.27855e+06
416190
3.15878e+06
3.06578e+06
31459.1
1.90907e+06
72140
8.05593e+06
4.03438e+06
418828
8.17188e+06
4.64918e+06
5586.43
1.23095e+07
7.55796e+06
125454
1.33722e+07
9.8298e+06
1.0199e+06
5.01856e+06
1.65976e+07
1.66797e+07
1.13565e+07
4.47035e+06
31288
4.7957e+06
1.40964e+06
3.97616e+06
9.52033e+06
5.81234e+06
1.04842e+06
951344
1.16124e+06
278672
3.10217e+06
815792
640399
385592
1.56934e+06
1.99878e+06
29380.7
575854
299338
3.28946e+06
952892
507948
412030
1.275e+06
1.98431e+06
84112.4
468718
235663
2.98237e+06
787540
589592
306403
1.7998e+06
2.00086e+06
13573.4
555593
350373
3.2294e+06
999916
335317
248445
1.6348e+06
1.73834e+06
1587.16
360303
718066
2.44426e+06
479668
309372
6521.06
2.75204e+06
826553
885094
719327
854857
2.84476e+06
743941
187115
1197.59
2.42674e+06
829927
750486
596595
1.01703e+06
2.66839e+06
583217
216345
9575.4
2.50223e+06
775819
680956
430458
1.44698e+06
2.51365e+06
336543
346271
54681.8
2.9961e+06
1.03034e+06
456412
469895
1.04732e+06
2.43488e+06
474290
192261
68955
2.32372e+06
746656
330251
75523.6
2.43087e+06
1.71278e+06
31774.1
492906
592873
2.84298e+06
961713
66325.6
5220.04
2.08017e+06
1.10752e+06
159244
188582
1.64904e+06
1.92192e+06
57541.1
305993
464773
2.6707e+06
892030
74241.1
1706.84
2.14111e+06
1.14779e+06
125483
188931
1.52323e+06
1.99233e+06
126375
244351
391915
2.50757e+06
849524
63976.7
8.33865
2.13584e+06
1.14343e+06
96068.2
153579
1.51103e+06
1.97242e+06
148538
196738
427374
2.3456e+06
773483
45453.3
10909.8
1.94252e+06
1.07872e+06
23757.9
33655.6
1.63789e+06
1.60279e+06
38760.4
125946
803350
2.09445e+06
524555
36778.7
144452
1.76981e+06
818499
1915.31
26916.1
1.53989e+06
1.03312e+06
7065.46
204.403
1.41823e+06
1.29307e+06
37546.9
21744.3
1.01821e+06
1.64219e+06
268038
18997.2
452318
1.63087e+06
566938
138.867
202901
1.36069e+06
719746
26921.8
98907.6
1.11391e+06
929601
130626
51562.4
784005
1.05105e+06
305412
60373.4
491322
1.01711e+06
501626
117737
310243
869786
667793
229299
229354
658215
745789
377662
236523
483122
718153
510114
296599
385857
629269
589058
383633
357586
530002
603699
468384
378503
461956
573265
524394
423086
433566
527253
544572
470712
437293
490107
537051
505035
458816
472310
517644
520238
484211
472447
500173
520012
503564
483364
491716
512577
513051
496945
492501
505513
514471
507501
498882
502770
512191
513007
506450
504504
510140
514541
512264
508746
510233
514454
515505
513219
512340
514651
516929
516585
515328
515853
517746
518678
518144
517837
518777
519978
520260
519978
520210
521072
521749
521837
521839
522261
522899
523272
523359
523533
523953
524386
524615
524742
524978
525324
525614
525782
525933
526160
526417
526616
526753
526898
527081
527262
527400
527510
527629
527761
527877
527964
528038
528116
528195
528259
528304
528340
528374
528402
528415
528416
528410
528400
528379
528347
528306
528258
528200
528131
528056
527973
527882
527777
527662
527543
527419
527284
527137
526981
526818
526643
526460
526269
526073
525869
525654
525430
525197
524959
524713
524454
524187
523912
523628
523334
523036
522731
522416
522090
521757
521419
521070
520710
520342
519968
519586
519193
518791
518383
517973
517557
517126
516686
516240
515782
515316
514847
514370
513885
513388
512886
512378
511861
511331
510793
510251
509703
509151
508591
508021
507443
506858
506265
505663
505054
504439
503815
503182
502539
501888
501233
500573
499909
499237
498557
497871
497178
496481
495776
495057
494325
493590
492852
492110
491354
490592
489831
489059
488273
487479
486688
485900
485098
484273
483440
482610
481787
480964
480122
479268
478414
477551
476680
475805
474926
474032
473122
472219
471327
470420
469487
468544
467609
466688
465756
464795
463825
462863
461901
460926
459935
458942
457959
456970
455965
454955
453940
452917
451888
450856
449820
448778
447730
446679
445619
444551
443474
442397
441323
440233
439131
438034
436943
435847
434733
433610
432492
431372
430243
429106
427964
426821
425668
424507
423347
422192
421035
419862
418675
417487
416299
415111
413917
412712
411502
410286
409068
407854
406635
405402
404164
402927
401694
400456
399204
397951
396695
395438
394178
392912
391641
390360
389074
387789
386502
385209
383912
382616
381325
380032
378726
377404
376078
374760
373446
372125
370784
369436
368109
366790
365449
364086
362715
361347
359993
358668
357348
355993
354590
353182
351823
350490
349124
347717
346313
344936
343568
342185
340776
339353
337944
336562
335176
333754
332325
330914
329515
328112
326692
325274
323870
322453
321000
319550
318130
316719
315295
313854
312406
310964
309534
308112
306674
305213
303762
302321
300871
299405
297933
296476
295044
293614
292163
290689
289216
287760
286306
284838
283376
281917
280455
278992
277527
276059
274585
273116
271650
270172
268687
267205
265738
264286
262835
261363
259876
258387
256902
255429
253962
252499
251044
249584
248091
246591
245113
243656
242194
240711
239229
237762
236290
234819
233358
231895
230430
228960
227494
226029
224554
223074
221602
220151
218709
217252
215773
214301
212851
211402
209948
208501
207060
205611
204145
202678
201232
199808
198390
196951
195484
194027
192602
191189
189763
188322
186888
185470
184055
182625
181193
179775
178370
176964
175553
174137
172723
171323
169940
168562
167179
165785
164383
162987
161591
160204
158835
157471
156100
154727
153362
152011
150669
149319
147954
146591
145245
143915
142588
141255
139915
138580
137260
135946
134637
133329
132018
130711
129409
128111
126812
125520
124239
122957
121680
120415
119149
117883
116629
115377
114120
112867
111622
110385
109150
107917
106690
105467
104252
103040
101830
100631
99435.2
98239.6
97046.7
95854.5
94672
93504.8
92345.4
91183.2
90016.8
88855.4
87716.5
86586.7
85442.1
84290.1
83154.8
82044.8
80932.7
79801.9
78674.6
77576.2
76504.2
75428.5
74329.8
73233
72164
71114.6
70059.2
68989.6
67925.2
66885.1
65859.8
64830.5
63795.4
62767.1
61753.4
60743.9
59732.5
58729.8
57742.8
56764.6
55786.3
54808.1
53841.6
52883.8
51928.7
50985
50046
49106.2
48171.3
47249.5
46341.8
45443.4
44541.5
43637.9
42749.9
41876.2
41007.6
40140.7
39276.5
38421.5
37573.3
36733.2
35910.6
35092.4
34263.5
33439.5
32642.4
31861.4
31073.9
30277
29492.1
28734.5
27989.7
27234.2
26474.8
25739
25023.3
24302.2
23572.3
22862.3
22173.1
21478.9
20779.3
20097
19441
18789.1
18128.1
17474.7
16841.9
16219.3
15594.2
14980.1
14387.7
13797.9
13202.1
12620.7
12065.6
11518.8
10965.6
10425
9911.58
9410.25
8907.29
8414.74
7948.22
7495.25
7041.44
6597.74
6176.91
5773.17
5374.63
4982.19
4606.51
4252.61
3911.66
3579.03
3260.5
2960.45
2674.43
2397.36
2133.68
1888.29
1657.52
1438.95
1236.92
1051.94
880.505
721.299
579.624
455.713
345.145
249.455
171.373
109.044
59.8103
24.7831
5.18664
0.123406
8.9758
32.6828
71.4312
123.616
188.999
269.457
365.352
475.034
597.311
733.586
885.694
1050.92
1227.29
1418.33
1625.73
1846.18
2076.6
2317.56
2572.4
2841.82
3121.22
3410.79
3713
4024.79
4345.9
4676.81
5017.2
5368.64
5731.98
6105.19
6486.14
6875.42
7271.78
7678.29
8097.02
8522.33
8952.96
9394.17
9843.75
10301.4
10771.9
11246.4
11718.2
12187.4
12654.3
13112.4
13545.4
13942.8
14303.5
14625.6
14927.2
15231.7
15546.3
15869.7
16210.9
16590.7
17002.7
17435.5
17889.5
18365.5
18857.5
19358.2
19871.6
20400.2
20938.6
21480.5
22025.4
22572.8
23123.4
23675.5
24236.7
24815.1
25408.3
26006.6
26603.4
27206.8
27824.1
28456.5
29096.4
29733.8
30364.1
30988.6
31614.2
32243.9
32882.7
33526.9
34166.2
34808.5
35459
36109.3
36751.5
37393
38045.8
38707.9
39372.1
40034.8
40703.8
41388.6
42092
42811.3
43538.6
44278.5
45034.8
45805
46585.6
47373.1
48168.3
48967.7
49770
50580.1
51401.8
52235.3
53079.2
53931.4
54790.4
55650.7
56512.3
57380.5
58262
59158.6
60067.4
60980.5
61889.3
62800.6
63722.6
64656.9
65597.9
66542.8
67494.6
68457.6
69430.5
70407.2
71383.4
72367.7
73364.8
74367.2
75373.6
76383.7
77402
78428.2
79459.8
80494.8
81535.2
82577.5
83623.3
84683.8
85752.4
86824.6
87892
88955.7
90030.8
91119
92215.2
93307.8
94403.4
95502.1
96597.8
97698.3
98805.4
99920.7
101039
102156
103272
104400
105544
106692
107835
108972
110113
111265
112431
113608
114777
115934
117093
118260
119437
120628
121821
123015
124214
125415
126628
127855
129087
130311
131525
132751
134003
135267
136532
137786
139040
140308
141588
142876
144171
145467
146772
148091
149421
150756
152096
153443
154806
156179
157549
158929
160324
161723
163115
164517
165942
167392
168847
170284
171709
173148
174620
176118
177612
179083
180557
182060
183580
185100
186611
188127
189667
191210
192735
194272
195836
197408
198972
200522
202067
203622
205194
206776
208352
209912
211469
213046
214627
216196
217765
219338
220915
222491
224063
225639
227219
228794
230363
231933
233501
235071
236650
238224
239785
241339
242893
244464
246040
247587
249122
250665
252217
253775
255337
256889
258420
259951
261495
263039
264584
266126
267666
269200
270722
272244
273776
275313
276851
278383
279896
281401
282914
284436
285961
287481
288991
290492
291992
293494
294997
296499
298001
299500
300990
302473
303964
305470
306972
308453
309915
311385
312872
314359
315827
317285
318768
320255
321717
323163
324604
326063
327544
329020
330463
331880
333306
334750
336202
337634
339055
340488
341926
343367
344793
346198
347585
348971
350382
351813
353231
354615
355991
357388
358787
360168
361541
362912
364291
365675
367048
368399
369735
371083
372452
373813
375152
376486
377828
379172
380510
381840
383157
384469
385779
387093
388406
389706
390994
392284
393581
394873
396152
397423
398694
399974
401248
402502
403747
405000
406257
407513
408759
409985
411209
412437
413659
414878
416095
417303
418500
419695
420894
422087
423261
424427
425596
426772
427943
429095
430248
431403
432550
433688
434820
435954
437084
438206
439319
440425
441527
442626
443724
444822
445916
446993
448062
449127
450186
451242
452295
453344
454388
455419
456447
457478
458504
459518
460522
461523
462524
463520
464513
465502
466478
467441
468394
469346
470301
471252
472196
473134
474067
474991
475911
476817
477714
478611
479504
480392
481270
482139
483002
483867
484726
485572
486412
487248
488084
488913
489725
490525
491313
492093
492878
493662
494440
495201
495951
496714
497472
498203
498915
499624
500348
501078
501782
502461
503137
503815
504486
505150
505805
506451
507094
507729
508354
508970
509579
510183
510777
511364
511943
512509
513069
513623
514166
514703
515237
515763
516279
516785
517282
517769
518249
518729
519201
519663
520110
520546
520976
521406
521831
522241
522636
523024
523405
523780
524154
524517
524866
525207
525541
525867
526183
526491
526789
527080
527365
527641
527903
528156
528403
528647
528880
529100
529309
529513
529709
529895
530071
530238
530396
530545
530684
530816
530942
531061
531169
531262
531346
531426
531499
531561
531611
531652
531686
531710
531723
531727
531723
531710
531688
531655
531614
531565
531507
531439
531360
531272
531176
531070
530954
530828
530692
530549
530396
530234
530062
529881
529690
529490
529280
529060
528831
528592
528344
528086
527817
527539
527252
526957
526652
526336
526010
525675
525333
524980
524614
524237
523854
523462
523061
522648
522223
521790
521350
520900
520436
519962
519481
518993
518490
517976
517456
516928
516387
515833
515273
514707
514132
513543
512939
512325
511711
511089
510449
509794
509135
508468
507789
507101
506406
505699
504981
504254
503518
502771
502016
501248
500470
499687
498888
498073
497257
496443
495618
494768
493902
493038
492172
491290
490389
489478
488564
487645
486713
485766
484813
483859
482892
481905
480911
479912
478906
477882
476847
475808
474758
473691
472618
471551
470476
469374
468255
467140
466017
464873
463722
462572
461412
460240
459061
457870
456667
455457
454235
453009
451777
450521
449260
448001
446732
445447
444149
442843
441532
440215
438883
437533
436189
434846
433483
432098
430705
429325
427931
426509
425089
423679
422251
420792
419328
417877
416415
414922
413422
411936
410442
408925
407401
405876
404336
402786
401234
399677
398104
396515
394928
393344
391746
390133
388510
386885
385259
383619
381962
380302
378649
376989
375293
373587
371908
370225
368511
366780
365058
363332
361593
359855
358113
356350
354572
352804
351044
349261
347448
345641
343848
342043
340219
338392
336574
334742
332886
331044
329224
327369
325465
323592
321752
319862
317941
316079
314222
312273
310319
308464
306577
304568
302619
300791
298854
296787
294867
293060
291045
288920
287052
285239
283132
281023
279216
277311
275108
273133
271375
269260
267035
265249
263402
261065
259017
257423
255263
252803
251183
249557
246889
244711
243595
241389
238376
237091
236027
232696
230107
230025
227916
223580
222760
223170
218629
214767
216803
215376
208118
207802
211695
204980
197882
204164
204909
191370
191340
203112
192283
177433
192497
199135
171670
171132
201128
181855
149114
183006
204558
145222
142698
215790
176003
104337
180388
238480
103128
99354.9
279784
176902
35153
208502
350269
33328.5
39570
516146
209027
22165
255807
814228
6667.78
93042.7
826424
950305
52104.7
141706
1.22852e+06
985178
195029
265110
1.40124e+06
1.23217e+06
139172
504258
1.0245e+06
1.57274e+06
602.935
694696
567505
2.34354e+06
245658
1.31649e+06
18994.1
4.73182e+06
2.17508e+06
946556
4.28056e+06
382987
5.11535e+06
4.01395e+06
11888.6
4.97456e+06
835014
6.78991e+06
8.04188e+06
2.50928e+06
339863
3.23459e+06
149719
5.46107e+06
3.38781e+06
145363
5.64182e+06
1.05151e+06
4.88337e+06
6.75851e+06
2.2315e+06
218920
2.16512e+06
6296.54
4.64987e+06
1.62891e+06
1.85547e+06
4.33638e+06
377927
4.43347e+06
3.29157e+06
19009
4.34532e+06
333861
8.98949e+06
7.12e+06
401587
6.45138e+06
6.31071e+06
502293
6.34141e+06
5.8446e+06
520043
4.32181e+06
3.03103e+06
282745
6.22152e+06
2.82173e+06
340809
4.73406e+06
691005
4.66921e+06
4.82831e+06
447412
3.33185e+06
1.60405e+06
1.62876e+06
4.37102e+06
1.37096e+06
441207
1.06163e+06
442591
1.74589e+06
29034.4
1.47609e+06
13254.8
4.39781e+06
1.22684e+06
2.95428e+06
4.49295e+06
220244
5.13243e+06
3.03598e+06
362806
5.88761e+06
1.39198e+06
2.83659e+06
5.03168e+06
1.41075e+06
619500
1.48057e+06
190200
2.03326e+06
85748.8
2.62465e+06
204366
6.41529e+06
3.85855e+06
234466
8.32191e+06
3.35892e+06
727404
7.75545e+06
4.58477e+06
83682
5.43963e+06
2.02775e+06
2.12054e+06
6.1812e+06
2.93081e+06
38.9107
3.02216e+06
32010.8
8.27716e+06
3.95373e+06
980843
1.17714e+07
7.81619e+06
783756
5.84167e+06
6.41251e+06
1.14611e+06
2.38736e+06
3.39083e+06
37020.6
4.21353e+06
1.31215e+06
3.30645e+06
5.76233e+06
949789
2.43769e+06
2.98451e+06
78556.2
3.1805e+06
335639
6.77076e+06
4.73445e+06
3892.28
9.64528e+06
3.79983e+06
1.32391e+06
1.08385e+07
8.20924e+06
1.96865e+06
1.36471e+06
4.73091e+06
868216
2.0898e+06
2.31588e+06
609.177
2.76193e+06
31451.3
7.16281e+06
2.80412e+06
2.4115e+06
1.10352e+07
6.74326e+06
630935
4.78128e+06
4.37154e+06
108974
5.80474e+06
2.27937e+06
1.87911e+06
6.30731e+06
3.02005e+06
3295.31
3.96935e+06
300832
7.61302e+06
5.11517e+06
9913.35
1.17526e+07
5.88193e+06
152714
1.55072e+07
1.05328e+07
612026
8.60932e+06
1.59829e+07
1.14455e+07
3.9856e+06
93153.5
6.93122e+06
2.29276e+06
2.63819e+06
9.09746e+06
4.57628e+06
52795
5.81967e+06
1.99279e+06
3.56447e+06
9.64085e+06
4.83884e+06
106262
5.74316e+06
2.20587e+06
2.76348e+06
9.32548e+06
4.9164e+06
142753
5.43295e+06
2.27243e+06
2.13603e+06
8.50946e+06
4.25021e+06
24713.7
5.08793e+06
1.31157e+06
5.50405e+06
9.29258e+06
3.49641e+06
64270.8
4.60186e+06
851075
5.81351e+06
6.96089e+06
1.05672e+06
2.82095e+06
3.59729e+06
207949
4.26797e+06
1.56706e+06
2.29201e+06
4.51283e+06
1.01407e+06
1.51534e+06
2.45703e+06
6763.56
1.94668e+06
8742.31
7.5173e+06
1.5513e+06
6.90173e+06
1.07549e+07
5.72743e+06
416686
4.81397e+06
4.4942e+06
128148
4.56822e+06
1.75581e+06
2.5297e+06
7.43837e+06
3.22153e+06
11225.9
2.94727e+06
158163
9.09743e+06
4.48505e+06
771649
1.11735e+07
7.75322e+06
967910
4.85509e+06
7.46522e+06
2.16778e+06
492508
2.7143e+06
241167
3.96418e+06
1.86819e+06
1.23901e+06
3.59653e+06
629252
2.37696e+06
2.31478e+06
53033.8
1.65485e+06
24165.6
5.15251e+06
554092
7.54327e+06
6.39869e+06
374984
8.36517e+06
7.44078e+06
674659
5.41372e+06
5.07089e+06
266443
7.61971e+06
4.63829e+06
125570
8.69774e+06
3.60479e+06
1.2081e+06
1.30807e+07
9.40803e+06
1.83505e+06
2.01427e+06
4.8111e+06
1.38624e+06
996586
3.27341e+06
401904
1.59007e+06
448893
3.06621e+06
2.54171e+06
78020.2
2.05297e+06
1135.52
6.93247e+06
1.14775e+06
8.04464e+06
1.01484e+07
4.05697e+06
34661
8.77607e+06
4.47344e+06
77146.5
7.60289e+06
3.06e+06
1.46115e+06
1.15141e+07
8.19593e+06
1.56647e+06
1.66925e+06
3.34451e+06
362615
3.476e+06
2.3833e+06
236601
2.36035e+06
61359.4
6.36142e+06
1.8835e+06
3.54942e+06
7.22367e+06
3.26735e+06
7509.8
6.71836e+06
1.81061e+06
3.02328e+06
6.25532e+06
2.45883e+06
190387
5.35783e+06
1.41009e+06
1.84971e+06
3.09069e+06
186980
4.6302e+06
2.25729e+06
899489
3.74926e+06
776370
2.46074e+06
3.50533e+06
212498
1.85105e+06
219341
6.10292e+06
3.67597e+06
226190
5.39817e+06
1.59975e+06
2.65802e+06
7.54717e+06
3.50983e+06
21297.7
2.25077e+06
48505
1.0568e+07
4.2395e+06
1.61659e+06
1.23073e+07
9.95711e+06
3.24036e+06
468672
9.03525e+06
5.35051e+06
178161
4.55918e+06
2.36679e+06
876439
7.92384e+06
4.55869e+06
124790
3.36143e+06
956395
4.03519e+06
6.78114e+06
2.0934e+06
220782
1.31003e+06
100394
4.07732e+06
855515
2.22393e+06
1.99004e+06
169543
5.06584e+06
1.40101e+06
1.48798e+06
2.41847e+06
17281.4
5.50362e+06
1.68685e+06
2.51883e+06
4.91862e+06
1.31061e+06
1.34243e+06
4.38184e+06
1.27722e+06
327379
381310
1.36068e+06
1.74148e+06
2.38224
366210
978738
2.24505e+06
126182
697246
122367
4.16382e+06
996513
1.63132e+06
1.62646e+06
227709
4.39852e+06
1.30089e+06
914822
1.30655e+06
230641
3.6415e+06
938286
958174
726139
1.16089e+06
2.79658e+06
383260
611815
1042.48
4.17601e+06
1.05177e+06
2.30541e+06
2.67492e+06
4432.65
6.83195e+06
2.51915e+06
1.52089e+06
5.71584e+06
2.49481e+06
181237
6.95922e+06
2.86116e+06
378746
3.57314e+06
635752
4.08257e+06
5.50314e+06
1.10285e+06
747532
707449
989606
2.77878e+06
502030
413792
5138.52
3.43555e+06
923772
1.52727e+06
1.39512e+06
397507
4.31582e+06
1.59601e+06
245927
563858
921830
2.59452e+06
446774
364148
40399.8
3.19136e+06
889673
991758
712245
1.23781e+06
3.16655e+06
693765
294672
126.841
3.13595e+06
966219
1.15349e+06
1.06623e+06
612908
3.7455e+06
1.34052e+06
126690
123527
2.20847e+06
1.64367e+06
72475.6
403478
1.09764e+06
2.54077e+06
393847
312497
115102
3.02062e+06
926868
499715
243629
2.36419e+06
2.34088e+06
15453.5
646093
341605
4.12599e+06
1.65061e+06
128252
403624
1.16938e+06
2.5896e+06
453349
239957
126298
2.74072e+06
876945
337254
75772.9
2.72174e+06
1.91769e+06
31031.6
542674
697349
3.24488e+06
1.11312e+06
70508.9
8507.66
2.34904e+06
1.3169e+06
147909
234053
1.76109e+06
2.25454e+06
112812
357805
402473
3.17833e+06
1.13662e+06
102095
36903
2.29958e+06
1.65191e+06
17986.1
271916
1.27084e+06
2.53403e+06
428913
192199
188516
2.6219e+06
954144
121038
7837.98
2.50459e+06
1.52099e+06
60181.4
275059
1.35458e+06
2.51455e+06
418885
174321
206490
2.57648e+06
988539
71699.4
2943.09
2.33003e+06
1.48572e+06
25829
179969
1.50752e+06
2.33269e+06
287373
186998
322604
2.61417e+06
974990
43434.4
83.3262
2.21703e+06
1.41042e+06
12312.9
107915
1.56072e+06
2.16189e+06
231666
149230
419260
2.45699e+06
900895
18952.8
16178.4
1.94957e+06
1.26969e+06
610.574
12432.1
1.63104e+06
1.72989e+06
92441.4
83741.3
785447
2.15812e+06
615005
12559.3
167068
1.78284e+06
940104
7002.2
33103.3
1.45526e+06
1.224e+06
78035.5
934.704
1.10568e+06
1.47608e+06
225201
499.931
693928
1.55441e+06
451903
3240.17
374903
1.4352e+06
687419
42558.6
178561
1.17141e+06
931384
169037
96648
806191
1.06783e+06
380150
108045
491706
1.01745e+06
599058
186478
313356
834553
758749
329349
257427
610492
794146
491492
291615
455344
724365
610629
374756
386243
608453
656743
474885
388331
510681
634840
552185
431139
459727
579563
587183
487812
452580
526029
582128
533394
473555
495314
555825
555182
504267
489319
528245
554496
529382
500106
511973
541663
541329
516565
509107
527937
541049
529672
515279
520246
534502
535413
524029
519632
527920
534784
530411
523372
524732
531314
532691
527844
525106
528283
531847
530596
527268
527156
529942
531119
529281
527640
528550
530247
530115
528630
528122
529090
529807
529201
528273
528291
528932
529030
528391
527893
528042
528316
528100
527570
527302
527383
527382
527052
526638
526444
526396
526217
525854
525509
525306
525135
524849
524474
524144
523895
523632
523290
522913
522571
522257
521916
521531
521136
520759
520388
519991
519567
519139
518718
518293
517848
517390
516931
516472
516003
515521
515030
514530
514018
513499
512975
512444
511901
511347
510785
510219
509651
509077
508486
507878
507272
506666
506048
505419
504785
504145
503497
502838
502173
501504
500826
500138
499440
498733
498022
497304
496581
495850
495110
494364
493605
492845
492089
491322
490532
489721
488919
488127
487321
486494
485662
484832
484002
483160
482306
481449
480580
479699
478818
477937
477041
476138
475236
474332
473423
472504
471565
470622
469678
468722
467759
466798
465836
464868
463891
462901
461900
460895
459893
458890
457885
456871
455843
454807
453766
452718
451665
450609
449549
448483
447410
446332
445241
444138
443041
441954
440859
439742
438613
437484
436359
435230
434095
432954
431801
430648
429498
428334
427162
425986
424807
423627
422439
421254
420062
418852
417638
416426
415215
414000
412768
411527
410302
409081
407843
406589
405326
404071
402824
401564
400292
399013
397736
396457
395169
393886
392604
391307
390007
388715
387411
386088
384763
383450
382138
380811
379479
378155
376829
375491
374141
372789
371436
370080
368727
367368
366002
364630
363261
361896
360538
359181
357809
356411
355009
353613
352221
350832
349431
348019
346609
345208
343806
342390
340963
339544
338137
336729
335301
333868
332441
331020
329601
328158
326704
325265
323839
322403
320956
319509
318061
316614
315161
313701
312246
310784
309316
307847
306384
304933
303488
302034
300559
299066
297575
296102
294639
293175
291699
290213
288730
287254
285771
284285
282805
281331
279854
278364
276866
275367
273878
272399
270928
269445
267950
266449
264949
263458
261970
260485
258994
257498
255995
254486
252989
251509
250015
248511
247019
245524
244036
242548
241050
239553
238065
236582
235090
233581
232071
230579
229103
227615
226114
224630
223154
221659
220157
218666
217182
215691
214194
212698
211215
209746
208286
206814
205323
203841
202368
200891
199410
197934
196464
194996
193530
192057
190576
189107
187647
186180
184714
183260
181815
180357
178879
177409
175970
174545
173103
171646
170199
168766
167332
165889
164438
162997
161573
160156
158737
157311
155883
154472
153066
151646
150227
148819
147414
146007
144606
143213
141829
140436
139036
137650
136280
134910
133526
132144
130774
129409
128046
126684
125330
123979
122626
121276
119932
118596
117266
115940
114613
113285
111964
110655
109349
108044
106736
105424
104126
102848
101571
100286
99002.5
97725
96463.6
95214.4
93956.3
92685.9
91422.4
90175.5
88942.8
87716.3
86480.2
85235
83998.8
82782.2
81578.1
80368.7
79152.6
77945.8
76756.6
75570.5
74380.1
73192
72013.4
70850.7
69687.5
68518.1
67360.5
66212.6
65068.3
63933
62810.9
61696.9
60578.6
59459.4
58354.8
57269.6
56188.3
55103.6
54034.9
52994.9
52012.7
51219.4
50861.6
51042.9
51471.7
51661.5
51353.4
50725.4
49994.9
49176.5
48226.2
47194.3
46198.4
45246.4
44262.9
43244.7
42250.6
41289
40319
39319.9
38326
37364.6
36416.4
35460.8
34504.1
33569.3
32657.2
31745.6
30830.6
29938.1
29079.1
28234.1
27386.1
26540
25716.4
24921.6
24141.8
23363.2
22590.8
21841.5
21118.7
20408.5
19705.4
19013.1
18336.7
17675.9
17024.6
16382.4
15750.1
15133
14535.7
13951
13375.9
12814.8
12271.5
11745.1
11232.5
10735.9
10259.6
9802.86
9360.28
8930.46
8513.16
8108.02
7715.18
7331.73
6954.51
6585.66
6227.73
5879.82
5539.19
5207.85
4891.05
4585.97
4288.49
4000.28
3725.18
3460.66
3205.92
2963.02
2730.96
2508.39
2293.58
2088.36
1893.18
1708.48
1533.15
1365.39
1207.27
1059.53
920.509
789.783
668.678
557.844
457.485
367.013
285.432
213.893
153.679
103.858
62.8462
31.3554
10.9815
1.1569
1.46442
12.9017
35.9884
69.6145
113.535
168.889
236.066
313.716
400.785
498.055
606.601
725.317
851.865
985.527
1127.28
1278.58
1438.63
1605.91
1782.17
1970.72
2172.08
2383.27
2603.7
2838.41
3087.14
3344.07
3607.56
3881.64
4170.94
4472.79
4782.5
5098.97
5426.29
5770.02
6124.94
6486.31
6855.87
7236.02
7628.88
8032.06
8444.4
8866.38
9295.01
9731.63
10177.6
10631.1
11092.2
11562.5
12044.5
12537.6
13038.5
13546.4
14062.5
14589.9
15128.4
15673.8
16225.1
16784.9
17353.4
17929.5
18513.6
19107
19709.5
20315.3
20919.6
21531.8
22162.9
22806.6
23449.5
24091.9
24748.6
25417.4
26083.3
26751.5
27435.2
28128.7
28823.8
29519.2
30219.4
30933.7
31664.3
32402.4
33138.2
33872.4
34619.3
35387.4
36161.7
36931.2
37708
38505.1
39317.1
40126.9
40927.7
41738.3
42576.4
43424.5
44264.7
45113.6
45986.2
46870.3
47752.2
48636.3
49526.2
50426
51342.1
52273
53210
54147.5
55087.8
56038.4
57013.1
58000.1
58979.6
59966.3
60965.1
61972.8
62993.1
64022.9
65060
66101.6
67149.3
68211.2
69292.5
70388.4
71485.3
72570.6
73661.3
74779.6
75918.9
77053.4
78175.6
79308.1
80465.1
81632.7
82782.1
83921.7
85091.4
86291.8
87482.8
88651.1
89831.5
91054.1
92289.4
93501.5
94700.7
95921.1
97163.5
98403
99639.4
100882
102143
103412
104674
105933
107205
108496
109782
111067
112362
113661
114960
116265
117585
118919
120260
121603
122946
124296
125655
127020
128392
129766
131143
132531
133919
135316
136734
138151
139562
140982
142416
143856
145286
146704
148137
149600
151072
152526
153974
155447
156932
158399
159862
161336
162816
164292
165771
167266
168770
170272
171764
173257
174767
176278
177774
179274
180792
182326
183859
185383
186899
188425
189963
191500
193035
194572
196116
197660
199201
200741
202289
203843
205402
206960
208501
210040
211599
213173
214738
216294
217856
219421
220984
222555
224129
225700
227266
228827
230394
231975
233549
235108
236668
238238
239823
241415
243004
244581
246141
247697
249271
250867
252463
254039
255596
257156
258725
260301
261877
263452
265019
266583
268161
269731
271288
272859
274437
276003
277561
279122
280692
282262
283829
285380
286913
288462
290032
291590
293126
294662
296207
297758
299313
300864
302400
303925
305446
306971
308511
310060
311593
313106
314628
316156
317671
319179
320687
322200
323718
325229
326730
328224
329714
331215
332712
334178
335644
337135
338642
340128
341585
343036
344506
345991
347465
348918
350374
351841
353297
354724
356143
357585
359035
360473
361890
363285
364699
366145
367576
368972
370348
371737
373152
374568
375958
377327
378704
380100
381490
382857
384209
385561
386919
388261
389591
390930
392283
393634
394955
396260
397570
398888
400211
401526
402827
404126
405426
406713
407990
409269
410542
411801
413062
414332
415590
416828
418063
419300
420538
421767
422995
424228
425452
426663
427859
429051
430248
431438
432609
433774
434948
436127
437292
438444
439597
440753
441897
443017
444129
445249
446367
447476
448575
449663
450748
451832
452919
454000
455064
456114
457163
458219
459271
460309
461333
462346
463362
464380
465388
466388
467376
468354
469330
470301
471265
472223
473175
474122
475059
475991
476919
477835
478743
479646
480539
481427
482310
483186
484054
484918
485778
486629
487474
488315
489141
489954
490763
491569
492362
493153
493951
494739
495509
496257
496997
497751
498509
499246
499968
500687
501399
502102
502800
503494
504180
504857
505528
506195
506851
507496
508140
508775
509398
510013
510624
511228
511821
512405
512981
513553
514118
514674
515219
515754
516287
516816
517327
517827
518323
518814
519301
519777
520237
520690
521137
521577
522012
522438
522852
523258
523658
524047
524423
524792
525157
525512
525855
526190
526522
526845
527154
527453
527750
528039
528313
528572
528824
529074
529317
529547
529764
529972
530177
530375
530560
530730
530892
531052
531204
531343
531470
531588
531699
531798
531886
531967
532039
532100
532153
532198
532235
532261
532276
532281
532277
532263
532239
532205
532163
532110
532047
531974
531893
531803
531703
531592
531472
531342
531203
531054
530895
530726
530548
530361
530163
529955
529737
529508
529270
529022
528764
528496
528218
527930
527633
527326
527008
526679
526341
525994
525635
525266
524889
524502
524103
523694
523276
522848
522408
521958
521499
521032
520554
520062
519561
519054
518536
518001
517456
516906
516349
515778
515196
514608
514010
513397
512772
512139
511501
510851
510183
509507
508830
508141
507433
506714
505991
505260
504518
503765
503000
502230
501451
500650
499836
499029
498221
497387
496529
495668
494810
493943
493056
492153
491245
490333
489413
488479
487529
486574
485613
484637
483642
482643
481645
480629
479595
478565
477533
476481
475407
474332
473256
472164
471055
469939
468823
467700
466554
465393
464237
463076
461897
460707
459518
458329
457121
455897
454670
453444
452210
450960
449708
448459
447196
445916
444630
443338
442037
440736
439430
438101
436764
435435
434099
432752
431406
430047
428669
427288
425904
424506
423101
421706
420311
418893
417455
416022
414597
413154
411692
410233
408780
407317
405837
404348
402869
401393
399892
398374
396864
395357
393839
392309
390776
389245
387705
386146
384580
383020
381452
379878
378308
376734
375153
373549
371931
370330
368740
367137
365514
363888
362265
360635
358983
357333
355703
354063
352390
350703
349050
347411
345735
344029
342330
340660
338996
337296
335571
333868
332178
330463
328727
326998
325290
323574
321825
320083
318361
316631
314876
313105
311343
309590
307829
306055
304276
302507
300737
298939
297112
295255
293325
291226
288881
286299
283518
280605
277660
274787
272039
269430
266999
264766
262665
260633
258692
256846
255032
253200
251372
249574
247779
245943
244119
242351
240546
238677
236856
235102
233290
231422
229617
227844
226001
224141
222353
220561
218702
216855
215075
213276
211406
209571
207822
206010
204101
202270
200521
198688
196792
195001
193254
191380
189477
187708
185945
184049
182187
180451
178643
176719
174903
173175
171307
169389
167643
165900
163942
162039
160368
158555
156530
154754
153136
151171
149144
147562
145904
143742
141860
140492
138607
136335
134851
133505
131174
129139
128208
126430
123671
122439
121781
118958
116425
116508
115033
111016
110233
111143
107085
103411
105946
104831
97623
98392.6
102888
94870.1
89106.6
98396.4
96281.9
81008.8
88262.7
100332
78814.4
72125
101038
87567.2
55022.2
88534.7
110387
46549.6
56389.2
141612
60652.1
16572.2
155067
128402
3.32179
103363
305654
2205.12
252.016
655828
93282.9
479237
166717
1.73967e+06
58598.6
1.78887e+06
3989.35
5.52522e+06
2.25325e+06
1.59093e+06
6.22704e+06
1.56541e+06
1.70353e+06
4.10051e+06
1.13146e+06
608388
827657
800648
1.49618e+06
3663.51
913382
308511
2.26457e+06
157381
2.27135e+06
156793
6.21061e+06
3.54206e+06
378620
7.63456e+06
2.74061e+06
1.08935e+06
6.62095e+06
3.68595e+06
43554.3
3.67049e+06
487147
6.56901e+06
5.66567e+06
295742
5.80588e+06
3.51682e+06
349651
7.51613e+06
3.89139e+06
56490.3
6.66238e+06
1.86122e+06
3.00513e+06
6.98876e+06
3.47438e+06
45550.7
3.14771e+06
326778
6.4947e+06
4.60117e+06
1646.24
8.55858e+06
2.69132e+06
2.99175e+06
1.00397e+07
7.33302e+06
2.02168e+06
601180
2.92431e+06
65324.5
4.24492e+06
1.49838e+06
2.64125e+06
5.50161e+06
951382
2.36185e+06
2.93786e+06
84307.2
2.88025e+06
195649
7.57252e+06
4.41224e+06
276736
1.0707e+07
5.79878e+06
16.6304
1.23482e+07
6.21216e+06
221650
4.74925e+06
1.4233e+07
1.59827e+07
1.11157e+07
3.82201e+06
163700
7.07344e+06
3.7925e+06
5939.66
4.52255e+06
3.42436e+06
24794.2
3.50587e+06
1.49142e+06
1.1192e+06
2.95509e+06
113964
2.6552e+06
1.14834e+06
1.19142e+06
2.174e+06
8385.19
2.40822e+06
297491
3.45164e+06
1.68242e+06
1.31363e+06
3.62746e+06
694257
1.64516e+06
1.29176e+06
632072
1.69156e+06
8.97343
1.94184e+06
4349.23
4.28253e+06
1.09381e+06
4.19984e+06
5.97363e+06
805826
3.04046e+06
3.07093e+06
11479.1
4.14822e+06
537569
6.72666e+06
5.70962e+06
231848
7.35123e+06
4.8573e+06
22092.8
9.18262e+06
4.11354e+06
1.05076e+06
1.36956e+07
9.4506e+06
1.42421e+06
4.03845e+06
6.71329e+06
2.4128e+06
222012
3.63801e+06
330001
4.39709e+06
2.4966e+06
667196
6.02413e+06
1.79283e+06
1.25125e+06
3.4475e+06
568802
2.12682e+06
1.53979e+06
547020
1.8298e+06
2856.67
2.76271e+06
61206.2
6.78965e+06
2.48993e+06
3.13499e+06
1.13511e+07
7.06578e+06
918536
3.19245e+06
3.56249e+06
107922
4.88448e+06
1.31012e+06
3.98322e+06
5.88892e+06
1.5089e+06
1.15986e+06
3.32893e+06
260615
2.47323e+06
744727
3.2078e+06
3.61765e+06
31544.1
3.6998e+06
552235
8.16663e+06
7.46748e+06
525953
6.91094e+06
5.78531e+06
213523
8.71012e+06
5.96048e+06
9482.96
1.09628e+07
4.48183e+06
1.30823e+06
2.02192e+07
1.99564e+07
1.08671e+07
1.89601e+06
3.41524e+06
7.50463e+06
3.62598e+06
10673.3
5.18953e+06
1.64954e+06
2.23784e+06
4.56016e+06
1.03881e+06
1.55835e+06
2.6635e+06
38104.6
1.99006e+06
35828.4
8.1957e+06
2.104e+06
5.46584e+06
1.10585e+07
7.11973e+06
1.41175e+06
2.24021e+06
4.87142e+06
958247
1.23608e+06
1.23849e+06
354715
2.268e+06
101611
1.89181e+06
163732
6.0374e+06
2.61016e+06
1.54339e+06
6.13788e+06
2.78306e+06
85972.8
5.34435e+06
925464
4.31225e+06
4.63978e+06
340398
5.67011e+06
3.6629e+06
161628
5.35918e+06
1.43356e+06
3.48292e+06
7.52102e+06
2.83419e+06
69974.6
2.21754e+06
11228.5
7.32972e+06
1.8559e+06
4.82613e+06
8.93657e+06
4.61747e+06
141565
6.38831e+06
3.70238e+06
179633
5.62831e+06
1.67796e+06
2.82898e+06
7.80843e+06
3.60512e+06
11394.1
2.71638e+06
119272
1.08084e+07
5.38384e+06
532157
1.36606e+07
9.59217e+06
1.30068e+06
4.72121e+06
1.12258e+07
7.1201e+06
1.41181e+06
1.20015e+06
2.15769e+06
3242.68
4.46313e+06
662688
5.94912e+06
5.3397e+06
246393
9.00293e+06
5.97457e+06
1596.48
1.0324e+07
3.82065e+06
2.08996e+06
2.06575e+07
2.01515e+07
1.15401e+07
2.65527e+06
1.46632e+06
6.35046e+06
2.98723e+06
57877.6
6.19431e+06
2.12597e+06
1.2662e+06
4.04331e+06
876124
2.16785e+06
3.45515e+06
279479
1.5893e+06
191402
5.47917e+06
3.00879e+06
479046
4.59886e+06
1.272e+06
2.198e+06
5.32817e+06
1.5972e+06
320848
795680
521123
2.24868e+06
191087
992391
1238.2
5.31388e+06
1.0932e+06
4.23176e+06
5.14051e+06
728837
3.85975e+06
4.87807e+06
575753
1.81706e+06
884651
1.74211e+06
3.60703e+06
562777
889916
167746
3.55218e+06
1.82569e+06
709834
2.13385e+06
13608.3
5.36833e+06
1.5218e+06
2.90339e+06
4.86511e+06
1.06398e+06
2.02356e+06
4.33324e+06
940591
603957
320367
2.02522e+06
1.80762e+06
53277.3
571907
760943
2.47916e+06
280175
728158
9334.35
4.4516e+06
1.03461e+06
2.61879e+06
2.92797e+06
12452.5
7.05122e+06
2.56209e+06
1.73245e+06
6.25491e+06
2.95317e+06
45965.3
7.68167e+06
2.72756e+06
1.25392e+06
5.76157e+06
2.52192e+06
219339
6.95924e+06
2.90224e+06
336960
3.46829e+06
528379
4.78249e+06
5.42699e+06
686455
1.75263e+06
1.04501e+06
1.22788e+06
3.9737e+06
1.14559e+06
256610
134299
2.3993e+06
1.36671e+06
419914
706568
776419
2.65197e+06
449415
473031
10159.3
3.60752e+06
946330
1.58668e+06
1.46918e+06
361290
4.40725e+06
1.58741e+06
322983
690182
746096
2.76996e+06
579891
364179
3337.28
3.25168e+06
924197
1.29541e+06
1.09448e+06
698338
3.77314e+06
1.25946e+06
177018
107328
2.41477e+06
1.46999e+06
255280
521844
1.05687e+06
2.56739e+06
391826
349524
100861
3.11558e+06
887768
679114
353238
2.14874e+06
2.59188e+06
95639.5
660772
167595
4.37393e+06
1.62486e+06
384858
893730
454181
3.46275e+06
1.21971e+06
156561
84870.3
2.40345e+06
1.59807e+06
113777
407420
1.17374e+06
2.56494e+06
403361
274050
157896
2.87132e+06
872196
381157
87166.3
2.865e+06
1.95358e+06
55568.4
639213
604778
3.42516e+06
1.24114e+06
72416.3
32214.1
2.2943e+06
1.46836e+06
89156.2
253531
1.59317e+06
2.28757e+06
157585
316116
412309
3.00347e+06
975322
142028
5823.91
2.63037e+06
1.37968e+06
183912
318449
1.50187e+06
2.49316e+06
317137
245427
270829
2.80257e+06
952701
139483
5507.09
2.61156e+06
1.462e+06
111616
290797
1.45241e+06
2.49958e+06
359007
204235
271687
2.67124e+06
929242
101409
156.856
2.50586e+06
1.39042e+06
83114.9
196151
1.67983e+06
2.31733e+06
208472
236552
411369
2.77248e+06
974515
54995.5
448.456
2.28485e+06
1.37013e+06
27010.3
101833
1.70015e+06
2.10238e+06
151720
178863
564190
2.53443e+06
835507
28731.8
37157.6
1.99902e+06
1.16067e+06
868.109
796.452
1.8385e+06
1.50789e+06
11973.4
58883.7
1.31383e+06
2.04844e+06
296121
67421.1
440162
2.12183e+06
768182
4347.14
92423.4
1.72044e+06
1.03605e+06
12869.9
15795.4
1.43819e+06
1.31174e+06
88102.7
29.1181
1.09798e+06
1.54179e+06
233064
1982.73
685031
1.61274e+06
471094
1995.22
376211
1.47573e+06
684534
34539.6
191978
1.22616e+06
908181
141258
105926
891930
1.057e+06
324644
102266
578854
1.0464e+06
530028
159262
380209
915563
697992
268728
285130
714900
781019
413983
282036
540089
761751
544959
334501
436465
680073
626299
416020
398999
581583
646556
499147
411626
507956
620384
557707
450687
471225
574201
582757
497147
467031
531685
578403
533957
483515
506295
558274
552943
507731
499375
536102
554795
528772
505851
521220
546245
540680
518134
516199
535156
542999
529461
518903
527217
539148
536008
525118
524426
533592
537319
530888
525761
529564
535260
534010
528848
528185
532320
534304
531499
528847
530235
532893
532595
530187
529487
531140
532195
531058
529616
529872
530987
530992
529863
529219
529684
530146
529673
528840
528627
528937
528919
528334
527787
527708
527767
527478
526929
526551
526440
526279
525865
525381
525062
524853
524540
524080
523639
523316
523010
522604
522128
521691
521314
520917
520452
519961
519500
519059
518592
518086
517575
517083
516594
516074
515525
514979
514447
513907
513340
512758
512179
511602
511014
510410
509797
509182
508557
507916
507263
506606
505950
505291
504620
503931
503233
502538
501838
501127
500410
499681
498943
498201
497453
496698
495933
495154
494365
493577
492782
491976
491170
490356
489525
488682
487844
487009
486158
485289
484417
483550
482677
481787
480885
479987
479084
478169
477250
476321
475381
474435
473484
472526
471565
470607
469641
468651
467647
466649
465660
464670
463661
462634
461605
460570
459525
458482
457439
456387
455325
454258
453187
452111
451022
449919
448819
447729
446630
445513
444391
443271
442149
441020
439880
438731
437578
436424
435262
434094
432926
431756
430580
429394
428201
427002
425791
424573
423355
422142
420931
419706
418467
417227
415984
414744
413499
412238
410967
409700
408430
407152
405867
404578
403290
401993
400687
399385
398086
396777
395448
394111
392781
391457
390119
388762
387397
386029
384667
383306
381939
380561
379170
377775
376373
374974
373573
372160
370738
369307
367875
366445
365004
363547
362082
360626
359178
357702
356204
354718
353234
351736
350231
348730
347232
345715
344171
342619
341083
339546
337989
336424
334859
333299
331741
330160
328559
326954
325351
323765
322184
320579
318943
317300
315666
314026
312382
310748
309113
307469
305813
304138
302463
300810
299163
297493
295806
294130
292456
290774
289084
287394
285701
284013
282337
280653
278961
277276
275592
273906
272214
270524
268838
267152
265466
263775
262094
260431
258762
257076
255406
253743
252067
250395
248726
247061
245414
243779
242139
240489
238838
237194
235563
233945
232331
230708
229079
227459
225859
224261
222646
221041
219454
217869
216274
214679
213099
211535
209972
208400
206827
205269
203729
202192
200652
199098
197536
195994
194487
192987
191470
189939
188407
186888
185378
183876
182374
180872
179375
177889
176406
174916
173423
171938
170470
169007
167537
166065
164598
163138
161692
160252
158804
157345
155895
154474
153048
151603
150173
148757
147332
145900
144483
143086
141693
140287
138874
137475
136087
134699
133316
131943
130575
129213
127888
126690
125838
125575
125846
126287
126457
126168
125520
124642
123571
122330
121015
119715
118439
117140
115818
114517
113232
111939
110652
109380
108122
106863
105605
104365
103153
101949
100744
99545.3
98358.9
97186.3
96008.2
94816.5
93622.6
92434.5
91258.2
90091.3
88926.8
87768.6
86611
85442.2
84267.3
83098.4
81940.3
80785.3
79638.4
78499
77366
76237.8
75115.2
74000.1
72896.2
71805.4
70719.6
69633.9
68555.2
67495.4
66447.8
65397.8
64356.3
63332
62306.6
61277.5
60260.2
59258.9
58263.3
57265.6
56276.1
55298.1
54319.4
53339.1
52366.3
51412.6
50471.2
49523.7
48584.4
47675.6
46783.7
45888.2
44996.1
44137
43323.9
42541
41779.6
41062.9
40399.2
39753.4
39091.8
38419.9
37755.6
37081
36389.3
35690.6
34989.1
34289.3
33591.2
32886.7
32181.2
31489.2
30804.7
30119.8
29438.8
28765.9
28100
27441.3
26795.2
26157.3
25519.3
24887.5
24269
23658.5
23052.2
22452.2
21853.3
21260.9
20682.4
20117.8
19566.3
19029.7
18511.3
18010.8
17525.3
17049.1
16576.6
16104.7
15625.6
15145.1
14670.6
14197.6
13725.2
13256.6
12792.6
12330.6
11876.2
11427.5
10985.9
10554.8
10127.2
9694.68
9260.41
8834.84
8419.23
8010.26
7604.83
7203.51
6812.08
6433.61
6064.57
5702.23
5346.47
5002.19
4669.38
4344.22
4025.79
3716.98
3418.89
3130.32
2852.07
2585.31
2332.77
2095.14
1868.23
1651.67
1450.15
1262.42
1086.59
923.119
772.57
636.782
