220330
220357
220137
220072
220052
219543
219934
219267
219061
220003
217905
218245
220579
217713
216348
219595
219914
214542
214591
221640
222374
216675
213247
213419
219695
221002
217748
213001
212737
217631
219118
216332
212212
212719
219025
219035
209826
207891
210471
217570
218869
216836
208138
207040
210799
215128
216169
213909
208131
208025
213895
215276
212322
207379
207003
211440
212960
210260
206252
206673
212309
212142
202465
200996
204626
209512
210913
209815
199762
199242
205829
208749
209672
207276
200692
199842
203394
206300
205902
198174
197396
202680
205191
205039
197859
196057
198437
203409
203635
197475
195022
196082
203203
202934
191571
189404
191010
204378
205628
205148
198961
194406
191684
189911
189631
194186
197023
197121
191366
189182
190547
195947
194969
183823
183129
188764
192180
193658
193238
185646
183496
184515
192705
193288
187359
183418
181951
182546
189123
189658
183644
180380
179753
182463
185050
183918
176689
176588
182952
184502
182735
174012
172792
175402
180412
181376
178996
173105
171965
173935
177573
176841
167648
167058
172416
175078
175751
172867
168165
167155
168931
171557
169730
165024
164693
168211
168871
164289
162119
162918
166740
165488
157912
157149
160768
163387
163453
158019
155895
156610
161484
161140
151261
149703
151753
158720
160068
159134
148009
146019
146713
158399
160029
159992
155985
151092
148407
146507
145442
146212
153595
154217
149390
145519
143875
143578
146410
148016
146205
141778
141234
143727
144543
140819
138827
139379
141974
140144
135753
135135
137352
138301
135021
132920
133245
135528
133865
129616
129095
131403
132061
128227
126441
127063
129427
127595
123602
122964
124796
125532
121894
120256
120960
122792
120375
117627
117346
119127
118498
113723
113152
115634
116634
114243
111473
111016
112469
112196
107675
107049
109309
110221
107694
105253
104924
106401
105805
101549
101005
103126
103836
100906
98903.6
98828.3
100535
99632.9
95453.3
94829.2
96579.1
97484
95046.4
92919.9
92679.7
94007
93094.1
89661
89145.1
90685.9
90853.2
87038.8
85924.6
86823.8
88319.2
86508.6
83874.4
83324.9
84279.1
84248.7
80755.2
79952.8
81115.4
81743.4
78804.8
77419.2
77720.1
79074.2
77459
74915.1
74412.8
75328.1
75225.1
71912.3
71149
72174.8
72796.4
70157.7
68781.1
68925.9
70103.1
68666.1
66278.2
65808.2
66632.5
66463
63389.7
62678.5
63575.6
64108.5
61663.7
60386
60483.2
61492
60089.1
57998.4
57583.6
58289.8
57970.3
55415.2
54752.4
55386.7
55622.6
53249.4
52267.5
52523.4
53245.3
51581
50070.1
49814.8
50416.1
49666.7
47762
47263.8
47692
47388.1
45454.8
44800.1
45093
45115.3
43150.2
42354
42551.2
42872.7
41243.2
40188.9
40099.6
40513.4
39432.3
38114.8
37798.6
38080.4
37404
36069.6
35620.6
35750.2
35389.5
34137.6
33532.5
33492.3
33358.4
32302.1
31555
31354.4
31284.1
30509.1
29676.7
29331.3
29219
28700.2
27884.9
27416.1
27217.7
26873
26172.3
25614.1
25317.3
25036.2
24487.1
23897.9
23517.1
23232.5
22805.2
22251.9
21814.7
21498.5
21141.5
20660.2
20200.6
19847
19514.9
19103.4
18656.4
18277.1
17946.8
17584.5
17173.8
16786.9
16449.5
16114.1
15743.6
15366.9
15025
14702.5
14364.7
14010.8
13672.6
13357.1
13041.9
12714.4
12388.6
12080
11780.5
11476.6
11169.1
10870.9
10584
10299.3
10012.1
9728.33
9453.71
9185.12
8917.12
8650.46
8389.66
8135.69
7885.15
7636.19
7390.96
7151.57
6917.02
6685.33
6456.64
6232.48
6013.31
5798.1
5586.06
5377.82
5174.14
4974.81
4779.17
4587.13
4399.21
4215.56
4036
3860.15
3688.15
3520.26
3356.49
3196.66
3040.63
2888.57
2740.55
2596.53
2456.4
2320.15
2187.87
2059.59
1935.23
1814.74
1698.19
1585.57
1476.88
1372.09
1271.19
1174.18
1081.07
991.86
906.537
825.067
747.476
673.757
603.903
537.909
475.755
417.449
362.983
312.342
265.538
222.548
183.373
148.013
116.449
88.6805
64.7014
44.5049
28.0873
15.4357
6.54836
1.41529
0.0318963
2.39027
8.48383
18.3038
31.8473
49.1027
70.0611
94.7243
123.076
155.108
190.818
230.2
273.238
319.935
370.271
424.251
481.856
543.09
607.932
676.374
748.423
824.057
903.282
986.059
1072.41
1162.33
1255.78
1352.79
1453.31
1557.36
1664.92
1775.98
1890.55
2008.59
2130.13
2255.1
2383.54
2515.46
2650.79
2789.55
2931.74
3077.34
3226.36
3378.77
3534.57
3693.72
3856.24
4022.13
4191.37
4363.92
4539.85
4719.03
4901.57
5087.38
5276.49
5468.86
5664.51
5863.44
6065.59
6271
6479.62
6691.43
6906.47
7124.68
7346.11
7570.69
7798.42
8029.34
8263.38
8500.58
8740.89
8984.3
9230.85
9480.42
9733.12
9988.86
10247.7
10509.5
10774.5
11042.3
11313.3
11587.2
11864.1
12144
12426.9
12712.7
13001.5
13293.2
13587.8
13885.3
14185.8
14489.1
14795.4
15104.5
15416.4
15731.1
16048.8
16369.2
16692.4
17018.4
17347.2
17678.8
18013.2
18350.3
18690.1
19032.7
19377.9
19725.9
20076.6
20429.9
20785.9
21144.6
21506
21869.9
22236.4
22605.5
22977.3
23351.6
23728.4
24107.9
24489.9
24874.4
25261.4
25650.9
26042.9
26437.4
26834.4
27233.8
27635.7
28040
28446.7
28855.8
29267.3
29681.2
30097.4
30516.1
30937
31360.3
31785.9
32213.8
32644
33076.5
33511.2
33948.2
34387.4
34828.8
35272.5
35718.3
36166.4
36616.6
37068.9
37523.5
37980.1
38438.8
38899.6
39362.6
39827.7
40294.8
40764
41235.1
41708.4
42183.6
42660.9
43140
43621.3
44104.4
44589.5
45076.5
45565.5
46056.3
46549
47043.6
47540.1
48038.4
48538.5
49040.5
49544.3
50049.9
50557.2
51066.4
51577.3
52089.8
52604.2
53120.2
53637.9
54157.4
54678.4
55201.2
55725.6
56251.6
56779.2
57308.4
57839.3
58371.6
58905.5
59441
59977.9
60516.4
61056.5
61597.9
62140.9
62685.3
63231.2
63778.4
64327.1
64877.1
65428.7
65981.4
66535.5
67091.2
67648
68206.1
68765.5
69326.2
69888.1
70451.3
71015.9
71581.6
72148.4
72716.5
73285.7
73856.2
74427.7
75000.4
75574.2
76149.1
76725.1
77302.1
77880.2
78459.4
79039.6
79620.9
80203
80786.1
81370.3
81955.4
82541.5
83128.5
83716.3
84305
84894.7
85485.2
86076.7
86668.8
87261.8
87855.6
88450.1
89045.5
89641.5
90238.5
90836
91434.2
92033.3
92632.8
93233.2
93834
94435.6
95037.7
95640.5
96243.7
96847.5
97451.8
98056.7
98662
99267.9
99874.2
100481
101088
101696
102303
102912
103520
104129
104739
105348
105958
106568
107179
107789
108400
109011
109622
110233
110845
111456
112068
112680
113291
113903
114515
115127
115739
116350
116962
117574
118185
118797
119408
120019
120630
121241
121851
122462
123072
123682
124291
124900
125509
126118
126726
127334
127941
128549
129155
129761
130367
130972
131577
132181
132784
133387
133990
134592
135193
135793
136393
136992
137591
138188
138785
139381
139977
140571
141165
141758
142350
142941
143531
144121
144709
145296
145883
146468
147053
147636
148218
148799
149379
149958
150536
151113
151688
152263
152835
153407
153978
154547
155115
155682
156247
156811
157374
157935
158495
159053
159610
160166
160720
161272
161824
162373
162922
163468
164013
164557
165099
165639
166178
166715
167251
167785
168317
168848
169377
169904
170429
170953
171475
171995
172514
173031
173546
174059
174570
175079
175587
176093
176596
177098
177598
178096
178592
179086
179578
180068
180556
181042
181526
182007
182487
182965
183440
183914
184385
184854
185321
185786
186248
186708
187166
187621
188075
188526
188975
189421
189865
190307
190746
191183
191617
192049
192479
192906
193330
193752
194171
194588
195002
195414
195823
196229
196633
197034
197432
197828
198221
198611
198998
199383
199764
200143
200519
200892
201262
201629
201993
202354
202713
203068
203420
203769
204114
204457
204797
205133
205466
205796
206123
206446
206766
207082
207395
207705
208011
208314
208613
208909
209201
209489
209774
210055
210333
210606
210876
211141
211403
211661
211915
212164
212410
212652
212889
213122
213350
213574
213794
214009
214220
214425
214624
214819
215008
215192
215370
215543
215712
215874
216032
216184
216330
216472
216607
216738
216863
216983
217097
217206
217310
217408
217501
217588
217670
217746
217817
217883
217943
217998
218047
218091
218130
218163
218191
218213
218231
218243
218250
218252
218249
218241
218227
218208
218185
218156
218122
218084
218040
217992
217938
217880
217817
217749
217677
217599
217517
217431
217340
217245
217144
217040
216931
216818
216700
216579
216453
216323
216189
216051
215909
215764
215614
215461
215304
215143
214978
214810
214638
214463
214284
214102
213916
213727
213535
213339
213141
212941
212738
212533
212327
212119
211909
211698
211484
211269
211051
210831
210609
210384
210156
209926
209693
209457
209219
208978
208734
208488
208239
207987
207733
207476
207216
206954
206689
206421
206151
205878
205602
205324
205044
204761
204476
204188
203898
203606
203311
203014
202715
202413
202109
201803
201495
201185
200872
200557
200240
199921
199599
199275
198949
198620
198289
197955
197619
197281
196940
196596
196251
195902
195552
195198
194843
194485
194124
193761
193396
193029
192658
192286
191911
191533
191153
190771
190386
189999
189610
189218
188823
188427
188028
187626
187222
186816
186408
185997
185583
185168
184749
184329
183907
183482
183054
182625
182193
181759
181322
180884
180443
179999
179554
179106
178656
178204
177750
177294
176835
176374
175911
175446
174979
174509
174038
173564
173089
172611
172131
171649
171165
170679
170191
169701
169209
168714
168218
167720
167219
166717
166213
165707
165199
164688
164176
163662
163146
162628
162109
161587
161064
160538
160011
159482
158950
158418
157883
157347
156808
156268
155726
155182
154635
154088
153538
152986
152433
151878
151320
150762
150201
149639
149074
148508
147940
147370
146798
146224
145648
145071
144492
143911
143329
142744
142158
141570
140981
140390
139796
139201
138605
138006
137406
136804
136201
135598
134994
134389
133783
133177
132571
131963
131356
130747
130139
129529
128920
128310
127699
127088
126477
125866
125254
124641
124029
123416
122803
122190
121576
120962
120348
119734
119120
118506
117891
117277
116662
116047
115433
114818
114203
113589
112974
112360
111746
111131
110517
109903
109290
108676
108063
107450
106837
106224
105612
105000
104388
103776
103165
102554
101944
101334
100724
100115
99506.8
98898.6
98290.8
97683.6
97076.9
96470.7
95865.2
95260.2
94655.6
94051.8
93448.7
92846
92244.1
91643
91042.3
90442.5
89843.4
89244.8
88647.1
88050.2
87454.2
86858.8
86264.2
85670.5
85077.6
84485.7
83894.7
83304.3
82715.1
82126.6
81539.3
80952.8
80367.2
79782.7
79199
78616.6
78035
77454.7
76875.2
76296.9
75719.7
75143.7
74568.7
73994.8
73422
72850.5
72280.2
71711
71143.1
70576.5
70011.1
69446.8
68884.1
68322.4
67762
67203.1
66645.5
66089.2
65534.2
64980.8
64428.6
63877.9
63328.7
62780.8
62234.4
61689.4
61146
60604
60063.6
59524.7
58987.3
58451.6
57917.3
57384.6
56853.6
56324.1
55796.3
55270.1
54745.7
54222.8
53701.6
53182.2
52664.4
52148.4
51634.1
51121.6
50610.8
50101.8
49594.6
49089.3
48585.7
48084
47584.2
47086.2
46590.1
46095.9
45603.5
45113.1
44624.7
44138.2
43653.7
43171.1
42690.5
42211.9
41735.4
41260.9
40788.4
40317.9
39849.6
39383.3
38919.2
38457.1
37997.2
37539.4
37083.7
36630.2
36178.9
35729.7
35282.8
34838.1
34395.6
33955.4
33517.4
33081.6
32648.2
32217.1
31788.2
31361.6
30937.5
30515.6
30096.1
29679
29264.2
28851.8
28441.9
28034.4
27629.2
27226.6
26826.5
26428.7
26033.4
25640.7
25250.5
24862.8
24477.5
24094.9
23714.8
23337.3
22962.3
22590
22220.3
21853.1
21488.7
21126.8
20767.6
20411.1
20057.3
19706.1
19357.6
19011.9
18668.8
18328.5
17991
17656.2
17324.2
16995
16668.6
16345
16024.3
15706.3
15391.2
15079
14769.6
14463.1
14159.5
13858.8
13561
13266.1
12974.3
12685.3
12399.3
12116.2
11836.2
11559
11285
11014
10745.9
10481
10219
9960.16
9704.37
9451.64
9202.04
8955.47
8712.11
8471.8
8234.66
8000.65
7769.83
7542.15
7317.63
7096.32
6878.19
6663.29
6451.63
6243.17
6037.93
5835.96
5637.26
5441.81
5249.65
5060.76
4875.22
4692.95
4513.99
4338.39
4166.11
3997.18
3831.58
3669.39
3510.55
3355.13
3203.08
3054.44
2909.21
2767.38
2629.01
2494.09
2362.61
2234.59
2110.05
1988.97
1871.41
1757.31
1646.74
1539.66
1436.11
1336.11
1239.63
1146.7
1057.33
971.515
889.269
810.614
735.557
664.077
596.211
531.966
471.335
414.339
360.975
311.259
265.2
222.794
184.052
148.988
117.608
89.9199
65.925
45.6359
29.059
16.2011
7.06853
1.66724
0.00593452
2.09117
7.92802
17.5253
30.8889
48.0253
68.9411
93.6378
122.132
154.424
190.516
230.418
274.138
321.682
373.057
428.258
487.301
550.194
616.93
687.526
761.975
840.312
922.498
1008.57
1098.53
1192.37
1290.1
1391.73
1497.28
1606.7
1720.06
1837.32
1958.49
2083.61
2212.65
2345.62
2482.52
2623.36
2768.14
2916.86
3069.54
3226.17
3386.77
3551.32
3719.85
3892.34
4068.78
4249.24
4433.65
4622.01
4814.4
5010.75
5211.06
5415.38
5623.7
5836
6052.31
6272.61
6496.88
6725.18
6957.47
7193.75
7434.06
7678.37
7926.67
8178.98
8435.29
8695.6
8959.96
9228.29
9500.68
9777.03
10057.4
10341.8
10630.2
10922.7
11219.1
11519.6
11824
12132.5
12445
12761.4
13082
13406.5
13735
14067.5
14404
14744.5
15089
15437.5
15790
16146.5
16507
16871.5
17239.9
17612.3
17988.7
18369.1
18753.4
19141.8
19534
19930.3
20330.5
20734.6
21142.7
21554.8
21970.7
22390.7
22814.5
23242.3
23673.9
24109.5
24549
24992.5
25439.7
25890.9
26346
26805
27267.8
27734.4
28205
28679.4
29157.6
29639.7
30125.6
30615.4
31108.8
31606.1
32107.3
32612.2
33120.9
33633.4
34149.6
34669.6
35193.3
35720.9
36252
36786.9
37325.4
37867.8
38413.7
38963.4
39516.8
40073.7
40634.4
41198.6
41766.4
42337.9
42912.9
43491.5
44073.7
44659.4
45248.8
45841.5
46437.9
47037.7
47641.1
48247.9
48858.2
49471.8
50088.9
50709.4
51333.5
51960.7
52591.5
53225.4
53862.9
54503.6
55147.6
55794.8
56445.4
57099.2
57756.2
58416.4
59079.8
59746.4
60416.3
61089.2
61765.1
62444.3
63126.5
63811.9
64500.2
65191.5
65885.9
66583.3
67283.5
67986.7
68692.9
69401.9
70113.8
70828.6
71546.1
72266.5
72989.6
73715.6
74444.3
75175.5
75909.5
76646.1
77385.4
78127.4
78871.8
79618.9
80368.5
81120.4
81875
82632
83391.4
84153.2
84917.2
85683.8
86452.5
87223.5
87996.9
88772.4
89550
90329.8
91111.8
91895.9
92681.8
93469.9
94260.1
95052.3
95846
96641.9
97439.9
98239.3
99040.5
99843.6
100649
101455
102263
103073
103884
104697
105511
106327
107145
107963
108783
109604
110426
111248
112071
112893
113714
114536
115359
116179
116999
117822
118642
119460
120280
121102
121918
122734
123555
124373
125185
126001
126822
127632
128439
129259
130075
130874
131683
132507
133308
134099
134919
135737
136515
137311
138146
138936
139694
140522
141353
142090
142862
143735
144510
145198
146051
146929
147581
148303
149282
150035
150562
151498
152502
152955
153575
154843
155542
155681
156905
158194
158152
158586
160631
161203
160309
162084
164253
163726
162638
165782
167383
166079
165121
168932
170281
168455
167332
171416
172921
171249
169415
173034
175151
174220
171367
174238
177665
177638
173572
174179
181758
182847
179901
175343
175473
182895
184677
183749
176154
175841
183362
185932
186765
184596
179905
180330
188401
189896
188121
180946
180533
186888
189673
190549
188580
184373
185652
193378
194218
190204
186444
186590
193779
195513
194158
186872
187101
197245
199295
198928
191841
189024
189226
197391
199589
199460
192857
190852
193050
200604
201800
199560
193356
193156
200057
202382
202278
196059
194683
198705
202406
203188
200649
198077
200809
204166
203576
198845
200194
208038
208699
203431
200070
200516
208837
210360
208040
201103
200418
205573
208792
209505
206619
203701
205858
210367
209984
203676
203880
213323
214940
212844
204296
202831
205701
212723
214371
213634
205431
204200
208576
212812
214141
212989
205904
206807
218261
219643
216579
208595
206189
206260
213973
216590
216939
211955
208885
209747
218058
218829
213257
209440
209132
214335
216793
216212
209000
209034
218470
220357
218987
207843
206330
209731
216863
219027
219669
215914
211191
210798
215737
217951
216824
209889
210748
221798
222930
218550
212184
210009
210124
217495
219730
219080
210202
208859
213021
217598
218959
217684
209734
209979
220072
221932
220480
208557
206577
208547
222836
224611
224211
217453
212839
210317
209162
210979
221003
221946
217252
211728
209995
210867
220965
221904
216515
211425
209692
210414
220284
221346
216578
211127
209316
209952
219281
220428
216143
210495
208791
209767
219387
220015
213125
209041
207788
209489
217861
218203
210615
207315
207077
212445
215044
214720
206768
205636
210317
213668
214173
210009
207068
208041
214127
213346
201581
200991
208234
211640
213265
213021
206168
203509
204133
212392
213370
208735
203983
202573
203962
211017
210698
199191
197385
200186
208503
210470
210549
204222
200496
199635
202215
206429
206319
198969
197578
201147
204802
205084
199891
197632
199240
204127
202873
193614
193637
202437
204586
204241
195179
192364
192494
199774
201962
201588
191855
189829
191653
201950
203110
199978
191831
189385
188937
193040
196562
197263
194010
190122
190060
194588
195126
189268
187201
188862
193922
193052
181870
181536
189265
192089
193245
191785
182577
180839
182447
191753
192811
189515
182601
180328
179918
183716
186640
186627
180396
178622
180646
185037
184548
174753
173850
178753
182122
183316
182104
172746
171948
176490
179770
180771
178954
171797
171092
174994
177554
177292
169843
168467
171323
175168
175537
170867
168151
168443
173247
173275
165073
163296
165193
171849
172511
168234
163999
162642
163458
169052
168561
156590
155226
158269
164362
166342
167193
165023
157858
156062
156560
163039
164178
161577
155651
154020
154569
160515
161069
155790
152598
151796
153592
156491
155105
148908
148481
152647
154208
152609
146141
145450
148744
150934
150287
142266
141462
145334
148061
148598
145493
141913
141243
143192
144313
140841
138920
139763
141760
138783
136206
136468
139255
137890
132182
131675
135044
136527
134922
129602
128926
131524
133186
131596
126873
126348
129044
130076
127203
124562
124462
126873
126247
119950
119427
123061
124751
124048
116096
115151
117859
121183
122050
120614
113997
112963
114689
118538
118748
113971
111632
111301
113554
114630
112117
109544
109313
111215
110597
105451
104946
107866
109071
107397
103247
102480
103978
105331
102968
100554
100360
102101
101253
96850.1
96357.2
98720.8
99576.6
97034.9
94632.8
94308.9
95847.7
95439.8
90837.8
90296.3
92693.4
93741.6
91934.5
88763.4
88113
89276.3
89805.6
86172.7
85047.5
86075
87305.7
84943.6
82912.4
82784.4
84272.2
83249.5
79718.1
79226.3
80876.8
81328.8
77945.7
76596
77089.5
78950.6
77585.3
74098
73407.6
74468.1
75513.9
73277.6
71432.5
71266.5
72508.4
71537
68506.9
68044.9
69379.6
69521.5
66125.3
65138.6
65920.5
67263.6
65616.2
63274.6
62779.8
63618.5
63625.7
60525.9
59783.4
60763.1
61395.1
58861.8
57577.1
57760.1
59005.6
57713.2
55240
54756.1
55603.2
55751
52942.2
52096.6
52729.7
53567.7
51569
50105
49979.9
50930.9
50013.7
47712.4
47278.2
48089.9
48046.8
45338.2
44644.3
45336.8
46030.3
44138.6
42830.5
42720.7
43566.9
42700.8
40640.2
40220.6
40877.7
40826.2
38446
37797.7
38347.9
38889.7
37041.5
35952.8
35929.7
36701.1
35763.1
33988.3
33618.3
34155.2
34048.8
31965.4
31388.3
31839
32228.2
30534.3
29615.2
29622.2
30252.7
29323.5
27861.9
27541.8
27956.5
27743.1
26099.5
25591.9
25878.7
26024.7
24479.2
23794.1
23892.9
24313.3
23249.9
22241.3
22040.9
22367.9
21880.9
20694.6
20333.6
20518.3
20356.2
19200.1
18713.1
18775.6
18834.8
17789.2
17183.5
17138.8
17292.4
16483.8
15774.9
15618.3
15746
15206.4
14444.7
14189.3
14236.9
13941.9
13216.6
12859.4
12805.1
12676.5
12078.1
11634.5
11481.9
11400.8
10981
10496.1
10261
10159.1
9889.47
9441.79
9142.96
8993.2
8808.76
8449.15
8117.38
7918.61
7757.1
7487.48
7164.93
6931.75
6764.59
6557.27
6278.18
6030.06
5847.37
5670.01
5441.3
5200.64
5006.79
4839.88
4650.76
4436.27
4241.77
4077.7
3913.79
3730.06
3546.27
3385.46
3236.51
3079.39
2915.28
2762.59
2624.39
2487.67
2345.59
2206.38
2078.69
1957.69
1835.88
1714.05
1599
1491.77
1387.56
1283.96
1183.86
1090.35
1001.74
915.516
831.849
752.922
679.206
609.181
542.046
478.608
419.816
365.252
314.182
266.599
223.065
183.727
148.227
116.368
88.2994
64.2092
44.0296
27.6203
14.9825
6.18652
1.23141
0.0707703
2.70233
9.1421
19.3633
33.3355
51.0759
72.6096
97.9106
126.932
159.662
196.142
236.388
280.343
327.966
379.281
434.314
493.05
555.446
621.48
691.179
764.553
841.58
922.207
1006.45
1094.31
1185.81
1280.88
1379.54
1481.76
1587.57
1696.96
1809.88
1926.35
2046.32
2169.85
2296.87
2427.42
2561.44
2698.93
2839.93
2984.37
3132.27
3283.63
3438.4
3596.61
3758.25
3923.27
4091.67
4263.47
4438.65
4617.19
4799.06
4984.29
5172.88
5364.77
5559.96
5758.43
5960.22
6165.28
6373.63
6585.18
6800.02
7018.08
7239.35
7463.87
7691.55
7922.45
8156.53
8393.77
8634.16
8877.7
9124.36
9374.15
9627.06
9883.06
10142.2
10404.4
10669.6
10937.9
11209.2
11483.6
11761
12041.4
12324.8
12611.2
12900.5
13192.8
13488.1
13786.3
14087.3
14391.3
14698.2
15008
15320.7
15636.2
15954.6
16275.8
16599.8
16926.6
17256.3
17588.7
17923.9
18261.9
18602.6
18946.1
19292.2
19641.2
19992.8
20347
20703.9
21063.6
21425.7
21790.6
22158.1
22528.2
22900.9
23276.2
23654.1
24034.4
24417.3
24802.8
25190.8
25581.2
25974.2
26369.7
26767.6
27168
27570.8
27976
28383.6
28793.6
29206.1
29620.9
30038
30457.4
30879.3
31303.4
31729.9
32158.5
32589.5
33022.8
33458.3
33896
34336
34778.1
35222.4
35669
36117.7
36568.6
37021.6
37476.7
37933.8
38393.2
38854.7
39318.1
39783.5
40251.2
40720.7
41192.3
41665.8
42141.4
42619.1
43098.5
43580
44063.3
44548.6
45035.7
45524.8
46015.7
46508.5
47003.2
47499.5
47997.7
48497.9
48999.7
49503.3
50008.6
50515.7
51024.6
51535
52047.2
52561.1
53076.7
53594
54112.8
54633.3
55155.4
55679.2
56204.3
56731.2
57259.7
57789.5
58320.9
58853.9
59388.3
59924.3
60461.6
61000.5
61540.8
62082.5
62625.5
63170.1
63715.9
64263
64811.7
65361.6
65912.7
66465.2
67019
67574
68130.3
68687.9
69246.6
69806.7
70367.9
70930.3
71493.8
72058.4
72624.2
73191.1
73759.1
74328.2
74898.5
75469.8
76042
76615.4
77189.8
77765.1
78341.5
78918.7
79497
80076.3
80656.3
81237.4
81819.2
82402
82985.6
83570.1
84155.5
84741.6
85328.6
85916.3
86504.8
87094.2
87684.2
88275
88866.3
89458.5
90051.2
90644.8
91238.8
91833.7
92429
93024.9
93621.5
94218.7
94816.3
95414.6
96013.3
96612.5
97212.2
97812.3
98413
99014.1
99615.6
100218
100820
101423
102026
102629
103233
103837
104442
105046
105651
106256
106862
107468
108074
108680
109286
109892
110499
111105
111712
112319
112926
113533
114140
114748
115355
115962
116569
117176
117783
118390
118997
119603
120210
120816
121423
122029
122635
123241
123846
124451
125057
125661
126266
126870
127474
128078
128681
129284
129886
130488
131090
131691
132292
132892
133491
134091
134690
135288
135885
136482
137079
137675
138270
138864
139458
140051
140643
141235
141826
142416
143006
143594
144182
144769
145355
145940
146524
147108
147690
148272
148852
149432
150010
150588
151164
151740
152314
152887
153459
154030
154600
155168
155735
156302
156866
157430
157992
158553
159113
159671
160228
160784
161338
161890
162442
162991
163540
164086
164632
165175
165717
166257
166796
167333
167869
168402
168935
169465
169993
170520
171045
171568
172089
172608
173126
173641
174155
174666
175176
175683
176188
176691
177192
177691
178188
178682
179174
179664
180151
180637
181120
181600
182078
182554
183027
183497
183964
184429
184892
185351
185808
186261
186711
187157
187599
188038
188473
188905
189333
189758
190179
190596
191010
191420
191827
192230
192630
193027
193425
193824
194225
194626
195026
195421
195815
196205
196592
196974
197354
197730
198103
198471
198835
199195
199551
199903
200250
200592
200931
201265
201595
201920
202241
202557
202869
203177
203480
203779
204074
204363
204649
204930
205207
205480
205748
206012
206271
206527
206778
207025
207267
207505
207739
207968
208193
208414
208631
208843
209050
209254
209452
209647
209837
210023
210205
210382
210556
210726
210891
211053
211210
211364
211513
211658
211800
211937
212070
212199
212325
212445
212563
212676
212785
212890
212991
213088
213181
213270
213356
213437
213515
213588
213658
213723
213785
213843
213896
213946
213991
214032
214069
214103
214132
214156
214177
214194
214207
214215
214219
214219
214214
214205
214192
214174
214153
214127
214096
214061
214023
213980
213933
213881
213826
213767
213704
213636
213566
213491
213413
213330
213244
213154
213060
212962
212860
212754
212644
212531
212413
212291
212166
212037
211904
211766
211625
211480
211331
211178
211022
210861
210697
210528
210356
210179
209999
209815
209627
209436
209240
209041
208837
208630
208419
208205
207986
207764
207538
207308
207074
206837
206596
206351
206102
205850
205594
205335
205071
204805
204534
204260
203982
203701
203416
203128
202836
202540
202241
201938
201633
201323
201010
200693
200373
200049
199722
199392
199058
198721
198380
198036
197687
197336
196982
196623
196262
195896
195528
195156
194781
194402
194020
193634
193245
192852
192456
192057
191654
191247
190837
190424
190007
189587
189163
188736
188306
187872
187435
186994
186550
186102
185651
185197
184739
184277
183812
183344
182874
182402
181926
181449
180969
180487
180003
179516
179027
178537
178043
177548
177050
176551
176049
175545
175039
174531
174021
173509
172994
172478
171960
171440
170919
170395
169869
169342
168812
168282
167749
167214
166678
166140
165600
165059
164516
163971
163424
162876
162327
161776
161223
160669
160113
159556
158997
158437
157875
157312
156747
156182
155614
155046
154476
153904
153332
152758
152183
151607
151029
150451
149870
149289
148707
148124
147539
146954
146367
145780
145191
144601
144011
143419
142827
142234
141639
141044
140448
139851
139254
138655
138056
137456
136855
136254
135652
135049
134445
133841
133236
132631
132025
131419
130812
130204
129596
128987
128378
127769
127159
126548
125938
125326
124715
124103
123491
122879
122266
121653
121040
120426
119813
119199
118585
117971
117356
116742
116128
115513
114898
114284
113669
113054
112440
111825
111210
110596
109981
109367
108753
108139
107525
106911
106298
105684
105071
104458
103846
103234
102622
102010
101399
100788
100177
99567.1
98957.4
98348.1
97739.3
97130.9
96522.9
95915.5
95308.7
94702.4
94096.6
93491.4
92886.8
92282.7
91679.3
91076.5
90474.5
89873.1
89272.4
88672.2
88073
87474.4
86876.5
86279.5
85683.3
85087.9
84493.3
83899.6
83306.8
82714.6
82123.5
81533.4
80943.9
80355.6
79768.2
79181.9
78596.4
78012.1
77428.7
76846.4
76265.1
75684.9
75105.8
74527.8
73951
73375.2
72800.6
72227.2
71655
71083.8
70514
69945.5
69378.2
68812
68247.2
67683.8
67121.7
66560.9
66001.3
65443.2
64886.5
64331.2
63777.2
63224.6
62673.5
62123.9
61575.8
61029.1
60483.9
59940.2
59398.1
58857.6
58318.5
57781.1
57245.4
56711
56178.4
55647.5
55118.1
54590.5
54064.5
53540.3
53017.7
52496.8
51977.7
51460.4
50944.8
50431.1
49919
49408.8
48900.5
48394
47889.4
47386.6
46885.7
46386.7
45889.6
45394.5
44901.3
44410
43920.7
43433.5
42948.2
42464.9
41983.7
41504.5
41027.3
40552.3
40079.3
39608.4
39139.6
38673.1
38208.6
37746.2
37286
36828
36372.2
35918.6
35467.3
35018.1
34571.3
34126.7
33684.4
33244.3
32806.6
32371.2
31938.2
31507.4
31079
30653
30229.5
29808.3
29389.4
28973
28559.1
28147.6
27738.6
27332
26928
26526.4
26127.5
25730.9
25337
24945.6
24556.8
24170.5
23786.9
23405.9
23027.4
22651.6
22278.6
21908.1
21540.3
21175.2
20812.8
20453.1
20096.1
19741.8
19390.3
19041.6
18695.6
18352.4
18012.1
17674.4
17339.7
17007.7
16678.7
16352.4
16029.1
15708.6
15391
15076.3
14764.5
14455.7
14149.8
13846.9
13546.8
13249.8
12955.8
12664.8
12376.7
12091.7
11809.8
11530.8
11254.9
10982.1
10712.4
10445.8
10182.2
9921.73
9664.39
9410.22
9159.18
8911.28
8666.54
8425
8186.65
7951.47
7719.53
7490.8
7265.27
7043.02
6824
6608.26
6395.74
6186.56
5980.65
5778.03
5578.78
5382.78
5190.15
5000.86
4814.95
4632.38
4453.19
4277.37
4104.95
3935.94
3770.35
3608.19
3449.45
3294.15
3142.3
2993.9
2849
2707.58
2569.62
2435.2
2304.26
2176.83
2052.96
1932.6
1815.81
1702.57
1592.89
1486.75
1384.24
1285.29
1189.94
1098.21
1010.09
925.594
844.738
767.518
693.943
624.034
557.786
495.206
436.316
381.121
329.619
281.817
237.734
197.376
160.749
127.847
98.6981
73.2972
51.6605
33.7864
19.6836
9.36427
2.8309
0.0926664
1.15513
6.02581
14.7113
27.2211
43.5568
63.7273
87.7392
115.599
147.314
182.882
222.325
265.634
312.823
363.898
418.866
477.722
540.484
607.157
677.734
752.235
830.651
913.002
999.295
1089.5
1183.68
1281.8
1383.86
1489.88
1599.87
1713.83
1831.74
1953.63
2079.52
2209.39
2343.24
2481.08
2622.92
2768.75
2918.59
3072.44
3230.29
3392.17
3558.06
3727.95
3901.9
4079.84
4261.8
4447.82
4637.86
4831.95
5030.05
5232.21
5438.43
5648.68
5862.99
6081.34
6303.72
6530.14
6760.64
6995.23
7233.82
7476.5
7723.23
7974.02
8228.86
8487.76
8750.72
9017.74
9288.87
9564.02
9843.25
10126.5
10413.8
10705.2
11000.7
11300.2
11603.9
11911.4
12223.2
12538.9
12858.7
13182.6
13510.5
13842.5
14178.5
14518.5
14862.6
15210.7
15562.9
15919.2
16279.4
16643.7
17012
17384.3
17760.6
18141
18525.4
18913.7
19306.1
19702.5
20102.9
20507.3
20915.6
21328
21744.4
22164.7
22588.9
23017.1
23449.4
23885.4
24325.5
24769.6
25217.6
25669.5
26125.1
26584.1
27046.3
27512
27980.8
28453
28928.4
29407
29888.9
30373.8
30862
31353.3
31847.8
32345.4
32846.1
33349.9
33856.7
34366.5
34879.5
35395.4
35914.3
36436.3
36961.1
37489
38019.7
38553.2
39089.8
39629.2
40171.4
40716.4
41264.4
41814.9
42368.5
42924.6
43483.6
44045.2
44609.6
45176.7
45746.4
46318.8
46893.8
47471.4
48051.6
48634.4
49219.6
49807.7
50398
50991
51586.3
52184.3
52784.6
53387.4
53992.6
54600.1
55210
55822.4
56437
57053.9
57673.4
58294.8
58918.7
59544.7
60173
60803.6
61436.3
62071.2
62708.2
63347.5
63988.7
64632.1
65277.6
65925.3
66574.9
67226.6
67880.2
68535.9
69193.5
69853
70514.6
71178.1
71843.4
72510.7
73179.8
73850.8
74523.7
75198.5
75875
76553.2
77233.3
77915.2
78598.7
79284
79971
80659.6
81350.2
82042.1
82736
83431.5
84128.5
84827
85527.3
86229.3
86932.8
87638
88344.7
89053
89762.8
90474.4
91187.3
91901.9
92618.1
93335.6
94054.4
94774.9
95496.3
96218.6
96941.4
97664.3
98387
99109.6
99832.1
100555
101278
102001
102724
103449
104175
104901
105629
106357
107086
107817
108547
109280
110012
110746
111480
112215
112953
113690
114428
115168
115908
116650
117391
118135
118878
119622
120366
121111
121855
122600
123344
124089
124834
125578
126323
127067
127811
128554
129298
130040
130783
131525
132267
133008
133749
134490
135231
135971
136710
137449
138188
138925
139662
140399
141135
141870
142604
143338
144070
144801
145532
146262
146990
147717
148443
149168
149890
150613
151334
152052
152769
153486
154200
154910
155621
156332
157037
157741
158446
159148
159843
160540
161239
161929
162615
163308
163996
164671
165352
166040
166710
167372
168055
168729
169373
170036
170722
171360
171986
172674
173334
173918
174575
175282
175850
176424
177177
177798
178245
178980
179751
180097
180658
181663
182060
182218
183443
184192
183788
184954
186461
185727
185841
188778
188874
186152
188149
192145
191727
186753
187696
196426
197463
193773
188705
187985
192029
195473
196121
193285
191347
194715
197167
196099
192594
195066
199340
199130
193379
193631
202886
204383
202076
194432
193188
196454
202014
203518
202733
195665
195541
204143
206290
205894
197986
196017
198367
206561
207990
206364
197872
196974
201983
205867
207279
206513
199866
199909
209040
210889
209584
198981
197852
202556
207472
209548
210309
207507
203030
203717
211952
212833
207900
203878
203530
208643
211092
210541
203659
203939
214519
216159
213972
204583
202537
203884
218376
219966
219588
216093
211738
208237
205862
204738
206742
214753
216360
215073
209723
207682
208596
214976
216094
212480
208876
209381
215061
216126
212336
209324
210681
216254
216312
209642
208192
212038
215801
216165
211571
209762
212847
215903
214898
209373
210365
218623
219229
212819
209261
209117
214997
217246
216304
208113
208000
216854
219081
218566
209352
207061
208633
220519
221850
218702
209641
207080
206841
212829
216194
217236
215109
208875
209005
216765
218244
215394
208758
207810
211522
215215
215466
210249
208445
211335
214681
213795
206666
207373
218204
219245
214329
208463
206268
206154
211975
214399
213838
205022
204215
210265
213332
213991
210372
206388
206592
212679
213354
207425
204640
205547
213880
214058
204606
201655
201944
210745
212920
212377
202326
199941
201110
215541
216785
213860
204314
200888
198972
198608
203807
207672
209074
208086
199879
198876
203401
206790
207304
203148
200116
200863
206852
206269
194112
193265
199385
203269
205160
205597
200993
197083
196649
200456
202223
199899
195671
196078
201398
201286
192014
190578
194243
198873
200091
198430
190082
189725
196024
198374
198154
189929
187931
189853
197537
198164
192860
188728
187549
189184
194520
193763
182837
182057
187829
191287
192745
192188
183744
181887
183785
191383
192099
187443
182972
181531
182486
189151
188787
176611
174809
177161
186791
188741
188877
183649
179090
177128
176703
180085
182595
181755
173249
173049
180323
182376
181966
172013
169851
171002
183816
184833
181606
173212
170134
168297
167716
170993
175502
176700
175239
167404
166371
169572
173173
173588
169205
166362
166525
170905
170940
163014
161437
163710
168871
169465
165365
161704
160932
163012
165035
162625
159218
159343
162928
162117
153725
153263
158667
160945
161082
155574
152896
152861
156960
157869
154135
151146
150948
154000
154211
148049
146787
149311
152064
151420
143359
142625
146851
149417
149818
146012
142891
142461
144915
145639
141345
139677
140979
143101
140491
137489
137481
140301
139466
132712
132211
136316
138119
137418
128814
127811
130831
134405
135423
134215
125897
124921
127551
131341
132257
130675
123916
122821
124592
128707
128849
123285
121014
120946
124423
125377
122584
119417
118825
120493
120988
116442
115350
117257
118672
116330
113532
113329
115404
114689
109354
108845
111884
113150
111480
107069
106299
107963
109422
107221
104456
104147
105922
105358
100494
99968.4
102658
103731
101712
98428
97787.6
99139.1
99585.3
95492.3
94450.5
95921.1
97148.3
94716.5
92499.2
92368.4
94031.7
92978.6
89075.3
88591.1
90568.9
91132.1
87785.3
86156.8
86463
88523.8
87353
83037.1
82335.3
83853.9
85268.9
83706.1
80586.1
79987.1
81157.8
81497
77879.9
76879.1
77953.6
79060.6
76740.5
74836.9
74708.9
76061.9
74976.1
71818.6
71363.8
72804
72961.5
69326.2
68317.8
69204.1
70660.5
69066.4
66462.5
65907.6
66788.1
66966
63794.5
62935.9
63845.3
64610.3
62118
60713.3
60836.8
62080.8
60713.6
58241.7
57799.7
58752.7
58665.3
55517
54822.8
55820.3
56529.2
54325.4
52913
52874.4
53942.4
52846.7
50473.9
50049
50926.2
50844.2
47961.7
47282
48098.9
48781
46759
45437.7
45368
46294.1
45281.2
43160.5
42765
43506.8
43364.8
40795.9
40185.2
40885.2
41396.4
39373.2
38290.9
38336.3
39201.7
38117.1
36286.2
35919.1
36508.1
36368.1
34170.7
33592.7
34112.2
34476.2
32628.5
31718.5
31796.1
32483.1
31376.3
29928.9
29630.2
30092.2
29772.5
28082
27596.8
27937.1
27960.7
26245
25633.3
25872
26207.8
24795.9
23940.2
23891.9
24339.5
23509.1
22320.8
22049.2
22352.5
21990.2
20744.6
20337
20509.5
20417.1
19223.6
18701.3
18760.3
18859.6
17794.5
17162.4
17118.1
17294.3
16484.4
15748.6
15587.9
15729.4
15181.5
14401.3
14149.7
14211.4
13894.1
13152
12807.5
12771.7
12620.8
11989.4
11563.6
11435.1
11347.9
10880
10409.2
10201.3
10106.9
9787.84
9330.43
9061.68
8932.23
8716.89
8326.16
8017.45
7844.63
7674.3
7368.79
7051.75
6843.66
6681.88
6446.53
6155.02
5926.72
5758.79
5568.43
5320.03
5088.52
4911.24
4743.2
4537.15
4319.41
4138.38
3980.92
3807.83
3615.47
3439.09
3287.66
3137.14
2972.12
2808.59
2664.12
2529.11
2388.28
2243.7
2109.65
1987.36
1866.31
1742.21
1622.34
1512.42
1407.81
1303.21
1200.24
1104.01
1014.33
927.411
842.121
761.107
686.087
615.368
547.322
482.582
422.672
367.466
315.866
267.575
223.344
183.568
147.812
115.691
87.3651
63.1456
42.9817
26.6593
14.1564
5.58151
0.941958
0.174473
3.27589
10.2762
21.1333
35.802
54.3147
76.7183
102.981
133.01
166.8
204.441
245.933
291.202
340.184
392.92
449.476
509.822
573.865
641.602
713.075
788.32
867.261
949.869
1036.13
1126.11
1219.79
1317.1
1418.05
1522.61
1630.83
1742.7
1858.15
1977.17
2099.82
2226.06
2355.85
2489.19
2626.06
2766.48
2910.45
3057.94
3208.91
3363.38
3521.33
3682.77
3847.67
4016.01
4187.78
4363.01
4541.61
4723.65
4909.07
5097.88
5290.06
5485.59
5684.51
5886.73
6092.28
6301.14
6513.31
6728.77
6947.51
7169.48
7394.76
7623.25
7854.97
8089.88
8328.05
8569.39
8813.92
9061.58
9312.42
9566.42
9823.53
10083.8
10347.1
10613.5
10883
11155.6
11431.2
11709.9
11991.6
12276.3
12564.1
12854.8
13148.5
13445.1
13744.7
14047.3
14352.8
14661.2
14972.5
15286.6
15603.7
15923.6
16246.3
16571.9
16900.4
17231.6
17565.6
17902.3
18241.9
18584.2
18929.3
19277
19627.5
19980.7
20336.5
20695.1
21056.3
21420.1
21786.6
22155.6
22527.4
22901.6
23278.5
23657.8
24039.8
24424.2
24811.3
25200.8
25592.7
25987.2
26384
26783.4
27185.2
27589.4
27996
28404.9
28816.2
29230
29646
30064.4
30485.1
30908.1
31333.4
31760.9
32190.7
32622.7
33057
33493.5
33932.2
34373.1
34816.2
35261.4
35708.8
36158.2
36609.8
37063.5
37519.2
37977
38436.9
38898.8
39362.8
39828.7
40296.5
40766.4
41238.3
41712
42187.6
42665.3
43144.8
43626
44109.3
44594.3
45081.2
45569.9
46060.5
46552.8
47046.9
47542.7
48040.3
48539.7
49040.6
49543.4
50047.8
50553.8
51061.7
51571
52082
52594.5
53108.7
53624.4
54141.7
54660.6
55180.9
55702.8
56226.1
56750.9
57277.1
57804.8
58333.9
58864.5
59396.4
59929.5
60464.2
61000.1
61537.3
62075.8
62615.6
63156.7
63699
64242.5
64787.3
65333.2
65880.4
66428.6
66978
67528.4
68080
68632.7
69186.3
69741.1
70296.9
70853.6
71411.4
71970.1
72529.7
73090.3
73651.6
74213.9
74777.2
75341.1
75906.1
76471.8
77038.2
77605.4
78173.3
78742.1
79311.6
79881.8
80452.5
81024
81596.1
82168.8
82742.1
83316
83890.5
84465.6
85041.4
85617.5
86194.2
86771.3
87349.1
87927
88505.4
89084.3
89663.7
90243.3
90823.5
91403.9
91984.8
92565.8
93147.4
93729.2
94311.1
94893.4
95476
96058.7
96641.7
97225
97808.3
98391.7
98975.4
99559.2
100143
100727
101311
101896
102480
103064
103649
104233
104818
105402
105986
106570
107155
107739
108323
108907
109491
110076
110660
111244
111827
112411
112995
113578
114162
114745
115328
115911
116493
117075
117657
118239
118821
119402
119983
120565
121145
121726
122306
122886
123466
124045
124624
125203
125782
126360
126937
127515
128092
128668
129244
129820
130395
130969
131544
132117
132690
133262
133835
134406
134976
135546
136115
136684
137251
137818
138384
138949
139514
140077
140640
141202
141762
142322
142881
143439
143996
144552
145108
145663
146216
146769
147321
147871
148420
148968
149515
150061
150606
151150
151697
152247
152800
153354
153907
154459
155008
155555
156100
156644
157186
157726
158265
158803
159338
159872
160404
160935
161463
161991
162516
163040
163561
164082
164600
165117
165632
166145
166656
167165
167671
168173
168673
169169
169663
170153
170641
171126
171607
172086
172561
173034
173503
173969
174432
174893
175351
175806
176260
176711
177159
177604
178047
178487
178923
179358
179789
180219
180646
181071
181494
181915
182335
182753
183169
183584
183996
184407
184816
185223
185627
186029
186427
186821
187212
187599
187983
188364
188742
189117
189489
189860
190228
190594
190957
191318
191675
192030
192381
192729
193073
193415
193752
194087
194418
194746
195070
195390
195707
196021
196331
196638
196942
197244
197541
197834
198125
198411
198694
198973
199248
199520
199788
200053
200314
200571
200825
201075
201322
201565
201805
202042
202275
202506
202732
202955
203175
203391
203604
203813
204018
204219
204417
204611
204801
204988
205170
205349
205524
205694
205861
206023
206182
206336
206486
206631
206773
206910
207043
207172
207296
207416
207531
207642
207749
207850
207947
208040
208127
208210
208289
208362
208431
208495
208554
208608
208657
208702
