-4.7014
-4.7014
-0.785154
-0.785154
-6.39553
-6.39553
-3.98887
-3.98887
-1.87961
-1.87961
-14.9431
-14.9431
6.76136
6.76136
-16.9258
-16.9258
-11.8994
-11.8994
23.9208
23.9208
-58.7097
-58.7097
-7.07708
-7.07708
67.0075
67.0075
-91.7414
-91.7414
-87.3122
-87.3122
105.714
105.714
50.2853
50.2853
-178.925
-178.925
-57.0133
-57.0133
244.077
244.077
136.59
136.59
-245.539
-245.539
-297.355
-297.355
-86.6435
-86.6435
237.379
237.379
175.985
175.985
-132.166
-132.166
-274.428
-274.428
-109.338
-109.338
189.792
189.792
158.753
158.753
-103.757
-103.757
-217.926
-217.926
-42.0856
-42.0856
207.835
207.835
69.9644
69.9644
-345.084
-345.084
-258.15
-258.15
95.6132
95.6132
354.7
354.7
244.063
244.063
-62.4468
-62.4468
-366.103
-366.103
-207.506
-207.506
168.583
168.583
314.408
314.408
196.168
196.168
-76.3435
-76.3435
-260.994
-260.994
-94.0092
-94.0092
229.16
229.16
177.276
177.276
-117.991
-117.991
-273.305
-273.305
-116.929
-116.929
175.232
175.232
152.765
152.765
-100.901
-100.901
-213.639
-213.639
-45.5211
-45.5211
189.769
189.769
52.2442
52.2442
-347.32
-347.32
-226.205
-226.205
168.231
168.231
351.881
351.881
252.806
252.806
2.96049
2.96049
-340.815
-340.815
-152.411
-152.411
316.253
316.253
371.703
371.703
214.068
214.068
-88.9656
-88.9656
-316.765
-316.765
-169.427
-169.427
150.768
150.768
218.45
218.45
44.6041
44.6041
-270.698
-270.698
-143.511
-143.511
237.564
237.564
270.215
270.215
77.9081
77.9081
-282.224
-282.224
-220.706
-220.706
84.6189
84.6189
252.099
252.099
102.084
102.084
-258.865
-258.865
-254.064
-254.064
-9.2206
-9.2206
235.013
235.013
57.3688
57.3688
-436.273
-436.273
-336.808
-336.808
28.982
28.982
489.304
489.304
403.409
403.409
79.6782
79.6782
-417.682
-417.682
-585.902
-585.902
-538.119
-538.119
-395.237
-395.237
-159.472
-159.472
213.482
213.482
272.988
272.988
98.9919
98.9919
-241.063
-241.063
-226.799
-226.799
18.1628
18.1628
192.7
192.7
-3.52821
-3.52821
-378.679
-378.679
-183.659
-183.659
300.82
300.82
410.588
410.588
299.422
299.422
63.6608
63.6608
-329.171
-329.171
-282.128
-282.128
-11.0433
-11.0433
301.961
301.961
155.478
155.478
-300.762
-300.762
-418.551
-418.551
-287.282
-287.282
-46.8048
-46.8048
250.324
250.324
127.846
127.846
-287.28
-287.28
-350.274
-350.274
-173.54
-173.54
112.37
112.37
175.106
175.106
-16.9398
-16.9398
-263.398
-263.398
-95.065
-95.065
279.918
279.918
232.993
232.993
-57.4604
-57.4604
-382.871
-382.871
-235.67
-235.67
119.195
119.195
317.794
317.794
200.958
200.958
-100.824
-100.824
-327.06
-327.06
-205.447
-205.447
69.5533
69.5533
189.056
189.056
9.96986
9.96986
-325.67
-325.67
-156.636
-156.636
281.317
281.317
340.176
340.176
181.923
181.923
-134.579
-134.579
-309.629
-309.629
-188.367
-188.367
58.1275
58.1275
135.024
135.024
-68.017
-68.017
-236.145
-236.145
-102.899
-102.899
150.158
150.158
93.0665
93.0665
-205.907
-205.907
-217.692
-217.692
-14.4006
-14.4006
147.532
147.532
-33.5447
-33.5447
-320.871
-320.871
-170.947
-170.947
185.764
185.764
256.068
256.068
91.2348
91.2348
-251.348
-251.348
-247.62
-247.62
-25.0835
-25.0835
195.401
195.401
37.9842
37.9842
-401.396
-401.396
-284.056
-284.056
91.5235
91.5235
404.274
404.274
304.932
304.932
10.5702
10.5702
-496.175
-496.175
-388.792
-388.792
-50.0908
-50.0908
517.151
517.151
443.391
443.391
142.821
142.821
-316.814
-316.814
-576.152
-576.152
-577.576
-577.576
-476.582
-476.582
-299.01
-299.01
-25.0152
-25.0152
309.7
309.7
167.907
167.907
-281.999
-281.999
-436.356
-436.356
-340.95
-340.95
-144.805
-144.805
137.938
137.938
152.397
152.397
-74.6555
-74.6555
-249.085
-249.085
-127.733
-127.733
113.172
113.172
87.817
87.817
-177.163
-177.163
-199.939
-199.939
-24.2407
-24.2407
107.318
107.318
-77.3741
-77.3741
-256.494
-256.494
-138.05
-138.05
100.792
100.792
90.7777
90.7777
-159.687
-159.687
-199.214
-199.214
-41.0152
-41.0152
96.8213
96.8213
-68.6532
-68.6532
-244.228
-244.228
-125.502
-125.502
108.59
108.59
78.282
78.282
-189.726
-189.726
-200.043
-200.043
-16.4763
-16.4763
105.413
105.413
-83.7106
-83.7106
-254.142
-254.142
-141.415
-141.415
81.8922
81.8922
70.4904
70.4904
-180.82
-180.82
-186.459
-186.459
-5.6341
-5.6341
84.8885
84.8885
-119.839
-119.839
-221.1
-221.1
-97.9457
-97.9457
78.6602
78.6602
-11.4202
-11.4202
-234.608
-234.608
-128.573
-128.573
133.048
133.048
119.944
119.944
-130.756
-130.756
-238.527
-238.527
-121.979
-121.979
61.1744
61.1744
4.89406
4.89406
-220.306
-220.306
-128.835
-128.835
122.514
122.514
109.233
109.233
-142.621
-142.621
-231.015
-231.015
-108.002
-108.002
65.7792
65.7792
-13.8386
-13.8386
-223.706
-223.706
-124.565
-124.565
116.701
116.701
92.7856
92.7856
-170.116
-170.116
-224.216
-224.216
-82.0418
-82.0418
83.2191
83.2191
-33.0702
-33.0702
-244.79
-244.79
-143.55
-143.55
95.5418
95.5418
96.9428
96.9428
-144.728
-144.728
-220.675
-220.675
-97.3951
-97.3951
62.0099
62.0099
-37.1362
-37.1362
-215.579
-215.579
-122.201
-122.201
81.2713
81.2713
38.8648
38.8648
-220.494
-220.494
-185.083
-185.083
25.2088
25.2088
99.288
99.288
-108.892
-108.892
-238.452
-238.452
-138.688
-138.688
36.4213
36.4213
10.2177
10.2177
-203.969
-203.969
-148.83
-148.83
56.4348
56.4348
61.4136
61.4136
-181.606
-181.606
-196.057
-196.057
-33.9238
-33.9238
78.2295
78.2295
-96.4129
-96.4129
-231.115
-231.115
-133.569
-133.569
38.5334
38.5334
5.84267
5.84267
-206.935
-206.935
-151.512
-151.512
50.0965
50.0965
61.4705
61.4705
-174.541
-174.541
-199.616
-199.616
-50.2742
-50.2742
69.9072
69.9072
-88.5342
-88.5342
-223.945
-223.945
-130.348
-130.348
35.7706
35.7706
-0.408379
-0.408379
-206.68
-206.68
-151.224
-151.224
43.8334
43.8334
55.4219
55.4219
-173.84
-173.84
-198.616
-198.616
-54.5048
-54.5048
62.7276
62.7276
-92.4526
-92.4526
-216.592
-216.592
-124.377
-124.377
30.1507
30.1507
-14.7715
-14.7715
-197.105
-197.105
-146.882
-146.882
21.7981
21.7981
25.9444
25.9444
-180.991
-180.991
-179.041
-179.041
-27.8425
-27.8425
50.1888
50.1888
-126.756
-126.756
-204.668
-204.668
-102.426
-102.426
27.1215
27.1215
-53.7497
-53.7497
-188.139
-188.139
-127.945
-127.945
6.18919
6.18919
-23.2018
-23.2018
-175.493
-175.493
-143.744
-143.744
-11.8874
-11.8874
-2.0219
-2.0219
-168.418
-168.418
-160.815
-160.815
-27.4033
-27.4033
20.8539
20.8539
-142.703
-142.703
-181.229
-181.229
-73.2172
-73.2172
19.4922
19.4922
-95.1124
-95.1124
-180.603
-180.603
-106.484
-106.484
-1.66654
-1.66654
-63.7025
-63.7025
-164.966
-164.966
-119.979
-119.979
-23.2042
-23.2042
-44.4764
-44.4764
-149.259
-149.259
-136.353
-136.353
-51.1128
-51.1128
-32.113
-32.113
-125.22
-125.22
-144.987
-144.987
-78.1552
-78.1552
-34.7486
-34.7486
-99.1284
-99.1284
-142.626
-142.626
-100.163
-100.163
-48.5256
-48.5256
-78.7709
-78.7709
-131.893
-131.893
-115.568
-115.568
-67.7198
-67.7198
-67.728
-67.728
-114.736
-114.736
-122.13
-122.13
-86.9094
-86.9094
-68.7784
-68.7784
-98.2978
-98.2978
-119.846
-119.846
-101.006
-101.006
-77.0194
-77.0194
-87.8473
-87.8473
-112.185
-112.185
-108.541
-108.541
-87.5937
-87.5937
-84.5679
-84.5679
-102.956
-102.956
-109.882
-109.882
-96.7868
-96.7868
-87.0061
-87.0061
-96.1204
-96.1204
-107.076
-107.076
-102.41
-102.41
-91.9876
-91.9876
-93.1199
-93.1199
-102.689
-102.689
-104.362
-104.362
-97.027
-97.027
-93.5193
-93.5193
-99.0058
-99.0058
-103.639
-103.639
-100.502
-100.502
-95.7931
-95.7931
-97.1916
-97.1916
-101.749
-101.749
-102.004
-102.004
-98.4084
-98.4084
-97.2056
-97.2056
-100.017
-100.017
-101.982
-101.982
-100.356
-100.356
-98.3223
-98.3223
-99.1681
-99.1681
-101.25
-101.25
-101.297
-101.297
-99.6941
-99.6941
-99.2472
-99.2472
-100.55
-100.55
-101.437
-101.437
-100.747
-100.747
-99.8881
-99.8881
-100.277
-100.277
-101.212
-101.212
-101.292
-101.292
-100.643
-100.643
-100.449
-100.449
-101.009
-101.009
-101.444
-101.444
-101.219
-101.219
-100.871
-100.871
-101.018
-101.018
-101.435
-101.435
-101.539
-101.539
-101.313
-101.313
-101.226
-101.226
-101.455
-101.455
-101.679
-101.679
-101.645
-101.645
-101.521
-101.521
-101.573
-101.573
-101.759
-101.759
-101.851
-101.851
-101.798
-101.798
-101.768
-101.768
-101.86
-101.86
-101.978
-101.978
-102.006
-102.006
-101.978
-101.978
-102.001
-102.001
-102.085
-102.085
-102.152
-102.152
-102.16
-102.16
-102.161
-102.161
-102.202
-102.202
-102.264
-102.264
-102.301
-102.301
-102.309
-102.309
-102.326
-102.326
-102.367
-102.367
-102.41
-102.41
-102.432
-102.432
-102.444
-102.444
-102.467
-102.467
-102.501
-102.501
-102.529
-102.529
-102.546
-102.546
-102.561
-102.561
-102.583
-102.583
-102.608
-102.608
-102.627
-102.627
-102.64
-102.64
-102.655
-102.655
-102.672
-102.672
-102.69
-102.69
-102.703
-102.703
-102.714
-102.714
-102.726
-102.726
-102.739
-102.739
-102.75
-102.75
-102.758
-102.758
-102.766
-102.766
-102.773
-102.773
-102.781
-102.781
-102.787
-102.787
-102.791
-102.791
-102.795
-102.795
-102.798
-102.798
-102.801
-102.801
-102.802
-102.802
-102.802
-102.802
-102.802
-102.802
-102.801
-102.801
-102.799
-102.799
-102.796
-102.796
-102.792
-102.792
-102.787
-102.787
-102.781
-102.781
-102.775
-102.775
-102.767
-102.767
-102.759
-102.759
-102.75
-102.75
-102.74
-102.74
-102.729
-102.729
-102.717
-102.717
-102.705
-102.705
-102.692
-102.692
-102.678
-102.678
-102.663
-102.663
-102.647
-102.647
-102.63
-102.63
-102.612
-102.612
-102.593
-102.593
-102.574
-102.574
-102.554
-102.554
-102.533
-102.533
-102.511
-102.511
-102.489
-102.489
-102.466
-102.466
-102.442
-102.442
-102.416
-102.416
-102.39
-102.39
-102.363
-102.363
-102.336
-102.336
-102.307
-102.307
-102.278
-102.278
-102.248
-102.248
-102.217
-102.217
-102.185
-102.185
-102.153
-102.153
-102.119
-102.119
-102.085
-102.085
-102.05
-102.05
-102.014
-102.014
-101.977
-101.977
-101.94
-101.94
-101.901
-101.901
-101.862
-101.862
-101.822
-101.822
-101.781
-101.781
-101.741
-101.741
-101.698
-101.698
-101.655
-101.655
-101.611
-101.611
-101.566
-101.566
-101.52
-101.52
-101.474
-101.474
-101.427
-101.427
-101.379
-101.379
-101.33
-101.33
-101.28
-101.28
-101.23
-101.23
-101.179
-101.179
-101.127
-101.127
-101.074
-101.074
-101.02
-101.02
-100.966
-100.966
-100.911
-100.911
-100.855
-100.855
-100.799
-100.799
-100.742
-100.742
-100.684
-100.684
-100.625
-100.625
-100.565
-100.565
-100.504
-100.504
-100.443
-100.443
-100.381
-100.381
-100.318
-100.318
-100.254
-100.254
-100.189
-100.189
-100.123
-100.123
-100.057
-100.057
-99.9909
-99.9909
-99.9237
-99.9237
-99.8556
-99.8556
-99.7868
-99.7868
-99.7174
-99.7174
-99.6475
-99.6475
-99.5767
-99.5767
-99.5045
-99.5045
-99.4309
-99.4309
-99.3569
-99.3569
-99.2826
-99.2826
-99.2079
-99.2079
-99.1316
-99.1316
-99.0547
-99.0547
-98.9779
-98.9779
-98.8998
-98.8998
-98.8204
-98.8204
-98.74
-98.74
-98.6598
-98.6598
-98.5799
-98.5799
-98.4986
-98.4986
-98.4147
-98.4147
-98.33
-98.33
-98.2456
-98.2456
-98.1618
-98.1618
-98.0779
-98.0779
-97.992
-97.992
-97.9048
-97.9048
-97.8176
-97.8176
-97.7293
-97.7293
-97.6402
-97.6402
-97.5505
-97.5505
-97.4604
-97.4604
-97.3686
-97.3686
-97.2751
-97.2751
-97.1822
-97.1822
-97.0904
-97.0904
-96.997
-96.997
-96.9007
-96.9007
-96.8033
-96.8033
-96.7067
-96.7067
-96.6114
-96.6114
-96.5149
-96.5149
-96.4153
-96.4153
-96.3146
-96.3146
-96.2146
-96.2146
-96.1146
-96.1146
-96.0131
-96.0131
-95.9098
-95.9098
-95.8063
-95.8063
-95.7037
-95.7037
-95.6002
-95.6002
-95.495
-95.495
-95.3892
-95.3892
-95.2827
-95.2827
-95.1754
-95.1754
-95.0671
-95.0671
-94.9585
-94.9585
-94.8494
-94.8494
-94.7394
-94.7394
-94.6287
-94.6287
-94.5176
-94.5176
-94.4054
-94.4054
-94.2922
-94.2922
-94.1779
-94.1779
-94.0635
-94.0635
-93.9492
-93.9492
-93.8331
-93.8331
-93.7156
-93.7156
-93.5985
-93.5985
-93.4818
-93.4818
-93.3645
-93.3645
-93.2451
-93.2451
-93.1247
-93.1247
-93.0046
-93.0046
-92.884
-92.884
-92.7624
-92.7624
-92.6398
-92.6398
-92.5164
-92.5164
-92.3927
-92.3927
-92.2679
-92.2679
-92.1419
-92.1419
-92.016
-92.016
-91.8903
-91.8903
-91.7644
-91.7644
-91.6364
-91.6364
-91.5068
-91.5068
-91.3769
-91.3769
-91.2468
-91.2468
-91.1166
-91.1166
-90.9854
-90.9854
-90.8528
-90.8528
-90.7196
-90.7196
-90.5855
-90.5855
-90.4509
-90.4509
-90.3166
-90.3166
-90.1815
-90.1815
-90.0447
-90.0447
-89.9071
-89.9071
-89.7694
-89.7694
-89.632
-89.632
-89.4937
-89.4937
-89.3537
-89.3537
-89.2133
-89.2133
-89.0725
-89.0725
-88.9312
-88.9312
-88.7894
-88.7894
-88.6468
-88.6468
-88.5032
-88.5032
-88.3584
-88.3584
-88.2127
-88.2127
-88.0669
-88.0669
-87.9206
-87.9206
-87.7735
-87.7735
-87.6255
-87.6255
-87.4775
-87.4775
-87.3298
-87.3298
-87.1816
-87.1816
-87.0317
-87.0317
-86.8797
-86.8797
-86.7269
-86.7269
-86.5748
-86.5748
-86.423
-86.423
-86.2699
-86.2699
-86.1144
-86.1144
-85.9576
-85.9576
-85.8031
-85.8031
-85.6493
-85.6493
-85.4925
-85.4925
-85.333
-85.333
-85.1722
-85.1722
-85.0114
-85.0114
-84.852
-84.852
-84.6957
-84.6957
-84.5397
-84.5397
-84.3793
-84.3793
-84.2128
-84.2128
-84.0455
-84.0455
-83.8837
-83.8837
-83.7245
-83.7245
-83.5613
-83.5613
-83.3927
-83.3927
-83.2241
-83.2241
-83.0585
-83.0585
-82.8936
-82.8936
-82.7267
-82.7267
-82.5562
-82.5562
-82.3836
-82.3836
-82.2123
-82.2123
-82.0441
-82.0441
-81.875
-81.875
-81.7011
-81.7011
-81.5261
-81.5261
-81.3528
-81.3528
-81.1807
-81.1807
-81.0077
-81.0077
-80.8322
-80.8322
-80.6566
-80.6566
-80.4823
-80.4823
-80.3061
-80.3061
-80.125
-80.125
-79.9437
-79.9437
-79.7659
-79.7659
-79.5888
-79.5888
-79.4096
-79.4096
-79.228
-79.228
-79.0451
-79.0451
-78.8624
-78.8624
-78.6809
-78.6809
-78.4999
-78.4999
-78.3165
-78.3165
-78.1298
-78.1298
-77.9438
-77.9438
-77.7588
-77.7588
-77.572
-77.572
-77.3828
-77.3828
-77.1924
-77.1924
-77.0034
-77.0034
-76.8172
-76.8172
-76.6308
-76.6308
-76.4412
-76.4412
-76.2482
-76.2482
-76.0547
-76.0547
-75.863
-75.863
-75.6712
-75.6712
-75.4769
-75.4769
-75.283
-75.283
-75.0889
-75.0889
-74.8939
-74.8939
-74.6983
-74.6983
-74.5019
-74.5019
-74.3046
-74.3046
-74.106
-74.106
-73.9075
-73.9075
-73.7089
-73.7089
-73.5081
-73.5081
-73.3058
-73.3058
-73.1033
-73.1033
-72.9024
-72.9024
-72.703
-72.703
-72.5031
-72.5031
-72.2998
-72.2998
-72.0939
-72.0939
-71.887
-71.887
-71.6801
-71.6801
-71.4743
-71.4743
-71.2688
-71.2688
-71.0632
-71.0632
-70.8581
-70.8581
-70.6518
-70.6518
-70.4402
-70.4402
-70.2269
-70.2269
-70.0162
-70.0162
-69.8078
-69.8078
-69.598
-69.598
-69.3846
-69.3846
-69.1707
-69.1707
-68.9583
-68.9583
-68.7445
-68.7445
-68.5302
-68.5302
-68.3166
-68.3166
-68.1021
-68.1021
-67.8866
-67.8866
-67.6698
-67.6698
-67.4528
-67.4528
-67.2352
-67.2352
-67.0155
-67.0155
-66.7943
-66.7943
-66.5736
-66.5736
-66.3552
-66.3552
-66.1376
-66.1376
-65.917
-65.917
-65.6922
-65.6922
-65.4677
-65.4677
-65.2458
-65.2458
-65.0234
-65.0234
-64.7994
-64.7994
-64.5757
-64.5757
-64.3522
-64.3522
-64.1266
-64.1266
-63.8976
-63.8976
-63.6677
-63.6677
-63.44
-63.44
-63.2151
-63.2151
-62.9905
-62.9905
-62.7617
-62.7617
-62.5275
-62.5275
-62.294
-62.294
-62.0648
-62.0648
-61.8368
-61.8368
-61.6057
-61.6057
-61.3713
-61.3713
-61.1372
-61.1372
-60.9049
-60.9049
-60.6721
-60.6721
-60.436
-60.436
-60.1985
-60.1985
-59.9626
-59.9626
-59.7276
-59.7276
-59.4918
-59.4918
-59.2541
-59.2541
-59.0148
-59.0148
-58.7746
-58.7746
-58.536
-58.536
-58.2993
-58.2993
-58.0624
-58.0624
-57.8238
-57.8238
-57.5821
-57.5821
-57.3382
-57.3382
-57.0941
-57.0941
-56.8492
-56.8492
-56.6045
-56.6045
-56.3622
-56.3622
-56.1198
-56.1198
-55.8748
-55.8748
-55.6286
-55.6286
-55.3826
-55.3826
-55.1381
-55.1381
-54.8942
-54.8942
-54.6478
-54.6478
-54.3975
-54.3975
-54.1463
-54.1463
-53.8971
-53.8971
-53.6498
-53.6498
-53.4019
-53.4019
-53.1518
-53.1518
-52.8989
-52.8989
-52.646
-52.646
-52.3946
-52.3946
-52.1432
-52.1432
-51.8915
-51.8915
-51.6389
-51.6389
-51.3844
-51.3844
-51.1294
-51.1294
-50.8742
-50.8742
-50.6183
-50.6183
-50.3611
-50.3611
-50.1038
-50.1038
-49.8476
-49.8476
-49.5898
-49.5898
-49.3315
-49.3315
-49.0744
-49.0744
-48.8158
-48.8158
-48.5558
-48.5558
-48.2968
-48.2968
-48.0368
-48.0368
-47.7744
-47.7744
-47.5114
-47.5114
-47.2487
-47.2487
-46.9862
-46.9862
-46.7226
-46.7226
-46.4579
-46.4579
-46.193
-46.193
-45.9276
-45.9276
-45.6623
-45.6623
-45.396
-45.396
-45.1287
-45.1287
-44.8623
-44.8623
-44.5949
-44.5949
-44.326
-44.326
-44.056
-44.056
-43.7846
-43.7846
-43.5137
-43.5137
-43.2446
-43.2446
-42.9757
-42.9757
-42.7044
-42.7044
-42.4304
-42.4304
-42.1558
-42.1558
-41.8847
-41.8847
-41.6141
-41.6141
-41.3381
-41.3381
-41.0585
-41.0585
-40.7811
-40.7811
-40.508
-40.508
-40.2325
-40.2325
-39.9504
-39.9504
-39.6673
-39.6673
-39.3894
-39.3894
-39.1163
-39.1163
-38.8403
-38.8403
-38.5564
-38.5564
-38.2709
-38.2709
-37.9905
-37.9905
-37.7133
-37.7133
-37.4324
-37.4324
-37.1456
-37.1456
-36.8579
-36.8579
-36.5746
-36.5746
-36.2932
-36.2932
-36.0085
-36.0085
-35.7199
-35.7199
-35.4308
-35.4308
-35.1435
-35.1435
-34.8551
-34.8551
-34.5637
-34.5637
-34.2724
-34.2724
-33.9832
-33.9832
-33.6941
-33.6941
-33.4025
-33.4025
-33.1084
-33.1084
-32.8151
-32.8151
-32.5219
-32.5219
-32.2269
-32.2269
-31.9328
-31.9328
-31.6373
-31.6373
-31.3389
-31.3389
-31.0391
-31.0391
-30.7407
-30.7407
-30.444
-30.444
-30.1474
-30.1474
-29.8468
-29.8468
-29.5425
-29.5425
-29.2403
-29.2403
-28.94
-28.94
-28.6383
-28.6383
-28.334
-28.334
-28.0273
-28.0273
-27.7206
-27.7206
-27.4129
-27.4129
-27.1047
-27.1047
-26.7995
-26.7995
-26.4924
-26.4924
-26.1777
-26.1777
-25.861
-25.861
-25.5509
-25.5509
-25.2434
-25.2434
-24.9295
-24.9295
-24.6077
-24.6077
-24.2867
-24.2867
-23.9727
-23.9727
-23.66
-23.66
-23.3385
-23.3385
-23.0108
-23.0108
-22.6888
-22.6888
-22.3711
-22.3711
-22.0464
-22.0464
-21.7128
-21.7128
-21.3833
-21.3833
-21.0585
-21.0585
-20.7262
-20.7262
-20.3859
-20.3859
-20.0485
-20.0485
-19.7185
-19.7185
-19.3851
-19.3851
-19.0411
-19.0411
-18.6948
-18.6948
-18.3531
-18.3531
-18.0107
-18.0107
-17.6603
-17.6603
-17.309
-17.309
-16.9633
-16.9633
-16.612
-16.612
-16.2494
-16.2494
-15.8876
-15.8876
-15.5342
-15.5342
-15.1781
-15.1781
-14.8092
-14.8092
-14.4395
-14.4395
-14.0795
-14.0795
-13.7188
-13.7188
-13.3471
-13.3471
-12.9729
-12.9729
-12.6081
-12.6081
-12.2436
-12.2436
-11.8671
-11.8671
-11.4872
-11.4872
-11.1148
-11.1148
-10.7454
-10.7454
-10.3679
-10.3679
-9.98217
-9.98217
-9.59845
-9.59845
-9.22237
-9.22237
-8.84495
-8.84495
-8.46053
-8.46053
-8.07527
-8.07527
-7.69474
-7.69474
-7.31359
-7.31359
-6.92439
-6.92439
-6.53251
-6.53251
-6.14539
-6.14539
-5.75764
-5.75764
-5.36461
-5.36461
-4.97377
-4.97377
-4.5868
-4.5868
-4.19644
-4.19644
-3.79815
-3.79815
-3.40477
-3.40477
-3.01898
-3.01898
-2.62734
-2.62734
-2.23363
-2.23363
-1.85134
-1.85134
-1.47678
-1.47678
-1.09371
-1.09371
-0.704033
-0.704033
-0.322076
-0.322076
0.0496802
0.0496802
0.423693
0.423693
0.80849
0.80849
1.19525
1.19525
1.57236
1.57236
1.94422
1.94422
2.32145
2.32145
2.70315
2.70315
3.08232
3.08232
3.45633
3.45633
3.83037
3.83037
4.20879
4.20879
4.58458
4.58458
4.95436
4.95436
5.32604
5.32604
5.70216
5.70216
6.07648
6.07648
6.44454
6.44454
6.80817
6.80817
7.17273
7.17273
7.53899
7.53899
7.90091
7.90091
8.25928
8.25928
8.61743
8.61743
8.97194
8.97194
9.32298
9.32298
9.67141
9.67141
10.0172
10.0172
10.3621
10.3621
10.707
10.707
11.0501
11.0501
11.3896
11.3896
11.7264
11.7264
12.0597
12.0597
12.3922
12.3922
12.7256
12.7256
13.0555
13.0555
13.3813
13.3813
13.7071
13.7071
14.0312
14.0312
14.3537
14.3537
14.6778
14.6778
14.9976
14.9976
15.309
15.309
15.6125
15.6125
15.9086
15.9086
16.1941
16.1941
16.4593
16.4593
16.699
16.699
16.9136
16.9136
17.103
17.103
17.2784
17.2784
17.4537
17.4537
17.6331
17.6331
17.8156
17.8156
18.0061
18.0061
18.2158
18.2158
18.4405
18.4405
18.6738
18.6738
18.9154
18.9154
19.1654
19.1654
19.4204
19.4204
19.6765
19.6765
19.9357
19.9357
20.1991
20.1991
20.4639
20.4639
20.727
20.727
20.9883
20.9883
21.2475
21.2475
21.505
21.505
21.7603
21.7603
22.0167
22.0167
22.2778
22.2778
22.5425
22.5425
22.8064
22.8064
23.0666
23.0666
23.3267
23.3267
23.5899
23.5899
23.8565
23.8565
24.1232
24.1232
24.386
24.386
24.6431
24.6431
24.8952
24.8952
25.1453
25.1453
25.3945
25.3945
25.6448
25.6448
25.8947
25.8947
26.1404
26.1404
26.385
26.385
26.6304
26.6304
26.8735
26.8735
27.1114
27.1114
27.347
27.347
27.5847
27.5847
27.8237
27.8237
28.0614
28.0614
28.2966
28.2966
28.532
28.532
28.771
28.771
29.0145
29.0145
29.2614
29.2614
29.5088
29.5088
29.7585
29.7585
30.0116
30.0116
30.2671
30.2671
30.524
30.524
30.7809
30.7809
31.0381
31.0381
31.2946
31.2946
31.55
31.55
31.8057
31.8057
32.063
32.063
32.3219
32.3219
32.582
32.582
32.8425
32.8425
33.103
33.103
33.3619
33.3619
33.6191
33.6191
33.8764
33.8764
34.1356
34.1356
34.3973
34.3973
34.6605
34.6605
34.9229
34.9229
35.1822
35.1822
35.4403
35.4403
35.6995
35.6995
35.9602
35.9602
36.221
36.221
36.4809
36.4809
36.7409
36.7409
37.0021
37.0021
37.264
37.264
37.5253
37.5253
37.7845
37.7845
38.0441
38.0441
38.3053
38.3053
38.5661
38.5661
38.8262
38.8262
39.0855
39.0855
39.3451
39.3451
39.6051
39.6051
39.8647
39.8647
40.1235
40.1235
40.382
40.382
40.6393
40.6393
40.8958
40.8958
41.1543
41.1543
41.4131
41.4131
41.6712
41.6712
41.9266
41.9266
42.1796
42.1796
42.4337
42.4337
42.6893
42.6893
42.9454
42.9454
43.199
43.199
43.4519
43.4519
43.704
43.704
43.954
43.954
44.2037
44.2037
44.4534
44.4534
44.7036
44.7036
44.953
44.953
45.2009
45.2009
45.4472
45.4472
45.6947
45.6947
45.9442
45.9442
46.1934
46.1934
46.4403
46.4403
46.6844
46.6844
46.9282
46.9282
47.1732
47.1732
47.4197
47.4197
47.6671
47.6671
47.9119
47.9119
48.1527
48.1527
48.3927
48.3927
48.6333
48.6333
48.8747
48.8747
49.1178
49.1178
49.3602
49.3602
49.6015
49.6015
49.8425
49.8425
50.0829
50.0829
50.3245
50.3245
50.5678
50.5678
50.8108
50.8108
51.0511
51.0511
51.2884
51.2884
51.527
51.527
51.7693
51.7693
52.0129
52.0129
52.2555
52.2555
52.495
52.495
52.7334
52.7334
52.9733
52.9733
53.2142
53.2142
53.4559
53.4559
53.6974
53.6974
53.9382
53.9382
54.1797
54.1797
54.4226
54.4226
54.6665
54.6665
54.9102
54.9102
55.1536
55.1536
55.3973
55.3973
55.6428
55.6428
55.889
55.889
56.1336
56.1336
56.3789
56.3789
56.6259
56.6259
56.8723
56.8723
57.1166
57.1166
57.3614
57.3614
57.6094
57.6094
57.8605
57.8605
58.1114
58.1114
58.3581
58.3581
58.6019
58.6019
58.847
58.847
59.0966
59.0966
59.3495
59.3495
59.6007
59.6007
59.847
59.847
60.0928
60.0928
60.3423
60.3423
60.5937
60.5937
60.8441
60.8441
61.0919
61.0919
61.3395
61.3395
61.5902
61.5902
61.8402
61.8402
62.0863
62.0863
62.3333
62.3333
62.5837
62.5837
62.8344
62.8344
63.0827
63.0827
63.3281
63.3281
63.5715
63.5715
63.8156
63.8156
64.0615
64.0615
64.308
64.308
64.5527
64.5527
64.7938
64.7938
65.0336
65.0336
65.2757
65.2757
65.5174
65.5174
65.7566
65.7566
65.9948
65.9948
66.2327
66.2327
66.4704
66.4704
66.707
66.707
66.9422
66.9422
67.1772
67.1772
67.412
67.412
67.6453
67.6453
67.8768
67.8768
68.1077
68.1077
68.3376
68.3376
68.5669
68.5669
68.7968
68.7968
69.0252
69.0252
69.251
69.251
69.475
69.475
69.6983
69.6983
69.9234
69.9234
70.1484
70.1484
70.3687
70.3687
70.5863
70.5863
70.8046
70.8046
71.0235
71.0235
71.2426
71.2426
71.4615
71.4615
71.6782
71.6782
71.8915
71.8915
72.1043
72.1043
72.3181
72.3181
72.5313
72.5313
72.7439
72.7439
72.9556
72.9556
73.1663
73.1663
73.3757
73.3757
73.5829
73.5829
73.7895
73.7895
73.9967
73.9967
74.2042
74.2042
74.4112
74.4112
74.6167
74.6167
74.8193
74.8193
75.0201
75.0201
75.2215
75.2215
75.4236
75.4236
75.6255
75.6255
75.8262
75.8262
76.0252
76.0252
76.2223
76.2223
76.4188
76.4188
76.6151
76.6151
76.811
76.811
77.0064
77.0064
77.2012
77.2012
77.3951
77.3951
77.5873
77.5873
77.7782
77.7782
77.9698
77.9698
78.1627
78.1627
78.3546
78.3546
78.5434
78.5434
78.7292
78.7292
78.9157
78.9157
79.104
79.104
79.2918
79.2918
79.4767
79.4767
79.6599
79.6599
79.8458
79.8458
80.0319
80.0319
80.2144
80.2144
80.3944
80.3944
80.5734
80.5734
80.7543
80.7543
80.9375
80.9375
81.1197
81.1197
81.2974
81.2974
81.4715
81.4715
81.6463
81.6463
81.823
81.823
82.0002
82.0002
82.1747
82.1747
82.3475
82.3475
82.5213
82.5213
82.6954
82.6954
82.8694
82.8694
83.0413
83.0413
83.2103
83.2103
83.3769
83.3769
83.5429
83.5429
83.7116
83.7116
83.8825
83.8825
84.0513
84.0513
84.2158
84.2158
84.379
84.379
84.5445
84.5445
84.7098
84.7098
84.8726
84.8726
85.0342
85.0342
85.1953
85.1953
85.357
85.357
85.519
85.519
85.6794
85.6794
85.837
85.837
85.9925
85.9925
86.149
86.149
86.3078
86.3078
86.4653
86.4653
86.6201
86.6201
86.774
86.774
86.9285
86.9285
87.083
87.083
87.2365
87.2365
87.3888
87.3888
87.5394
87.5394
87.6891
87.6891
87.8384
87.8384
87.9879
87.9879
88.137
88.137
88.2844
88.2844
88.4301
88.4301
88.5758
88.5758
88.7222
88.7222
88.8677
88.8677
89.0115
89.0115
89.1541
89.1541
89.2966
89.2966
89.4398
89.4398
89.5821
89.5821
89.722
89.722
89.8606
89.8606
90
90
90.1396
90.1396
90.2788
90.2788
90.4167
90.4167
90.5522
90.5522
90.6872
90.6872
90.8225
90.8225
90.957
90.957
91.091
91.091
91.2245
91.2245
91.3567
91.3567
91.4877
91.4877
91.6182
91.6182
91.749
91.749
91.8789
91.8789
92.0067
92.0067
92.1333
92.1333
92.26
92.26
92.3875
92.3875
92.5141
92.5141
92.6385
92.6385
92.7629
92.7629
92.8873
92.8873
93.0107
93.0107
93.1331
93.1331
93.2545
93.2545
93.376
93.376
93.4969
93.4969
93.6169
93.6169
93.7357
93.7357
93.8536
93.8536
93.971
93.971
94.0879
94.0879
94.2044
94.2044
94.321
94.321
94.4368
94.4368
94.5509
94.5509
94.6638
94.6638
94.7763
94.7763
94.8879
94.8879
94.9991
94.9991
95.1099
95.1099
95.2201
95.2201
95.3297
95.3297
95.4378
95.4378
95.5455
95.5455
95.6533
95.6533
95.7605
95.7605
95.8664
95.8664
95.9711
95.9711
96.0753
96.0753
96.1794
96.1794
96.2829
96.2829
96.3859
96.3859
96.4885
96.4885
96.5896
96.5896
96.6892
96.6892
96.7878
96.7878
96.8861
96.8861
96.9846
96.9846
97.0826
97.0826
97.1798
97.1798
97.2763
97.2763
97.3721
97.3721
97.4671
97.4671
97.5613
97.5613
97.6542
97.6542
97.746
97.746
97.8377
97.8377
97.929
97.929
98.0196
98.0196
98.1092
98.1092
98.1977
98.1977
98.2855
98.2855
98.3735
98.3735
98.4608
98.4608
98.5467
98.5467
98.6319
98.6319
98.7166
98.7166
98.8012
98.8012
98.8851
98.8851
98.9672
98.9672
99.048
99.048
99.1275
99.1275
99.2062
99.2062
99.2852
99.2852
99.3642
99.3642
99.4425
99.4425
99.5189
99.5189
99.5943
99.5943
99.6708
99.6708
99.7468
99.7468
99.8201
99.8201
99.8914
99.8914
99.9624
99.9624
100.035
100.035
100.108
100.108
100.178
100.178
100.246
100.246
100.313
100.313
100.381
100.381
100.448
100.448
100.514
100.514
100.579
100.579
100.643
100.643
100.707
100.707
100.77
100.77
100.832
100.832
100.893
100.893
100.953
100.953
101.013
101.013
101.072
101.072
101.13
101.13
101.187
101.187
101.243
101.243
101.298
101.298
101.353
101.353
101.407
101.407
101.46
101.46
101.512
101.512
101.564
101.564
101.615
101.615
101.665
101.665
101.714
101.714
101.761
101.761
101.809
101.809
101.856
101.856
101.902
101.902
101.947
101.947
101.991
101.991
102.034
102.034
102.076
102.076
102.118
102.118
102.16
102.16
102.2
102.2
102.239
102.239
102.276
102.276
102.314
102.314
102.35
102.35
102.387
102.387
102.422
102.422
102.456
102.456
102.49
102.49
102.522
102.522
102.554
102.554
102.585
102.585
102.615
102.615
102.644
102.644
102.672
102.672
102.7
102.7
102.727
102.727
102.752
102.752
102.777
102.777
102.801
102.801
102.825
102.825
102.847
102.847
102.869
102.869
102.889
102.889
102.909
102.909
102.928
102.928
102.946
102.946
102.963
102.963
102.979
102.979
102.995
102.995
103.009
103.009
103.023
103.023
103.035
103.035
103.048
103.048
103.059
103.059
103.07
103.07
103.079
103.079
103.087
103.087
103.095
103.095
103.102
103.102
103.108
103.108
103.113
103.113
103.117
103.117
103.12
103.12
103.122
103.122
103.124
103.124
103.124
103.124
103.123
103.123
103.122
103.122
103.12
103.12
103.117
103.117
103.113
103.113
103.108
103.108
103.103
103.103
103.096
103.096
103.088
103.088
103.08
103.08
103.07
103.07
103.06
103.06
103.049
103.049
103.037
103.037
103.024
103.024
103.01
103.01
102.995
102.995
102.979
102.979
102.962
102.962
102.945
102.945
102.926
102.926
102.907
102.907
102.886
102.886
102.865
102.865
102.843
102.843
102.819
102.819
102.795
102.795
102.77
102.77
102.744
102.744
102.717
102.717
102.689
102.689
102.66
102.66
102.631
102.631
102.6
102.6
102.568
102.568
102.535
102.535
102.502
102.502
102.468
102.468
102.432
102.432
102.395
102.395
102.358
102.358
102.319
102.319
102.28
102.28
102.24
102.24
102.198
102.198
102.156
102.156
102.113
102.113
102.069
102.069
102.023
102.023
101.977
101.977
101.93
101.93
101.882
101.882
101.832
101.832
101.782
101.782
101.731
101.731
101.679
101.679
101.625
101.625
101.571
101.571
101.516
101.516
101.46
101.46
101.403
101.403
101.345
101.345
101.286
101.286
101.225
101.225
101.164
101.164
101.103
101.103
101.039
101.039
100.975
100.975
100.909
100.909
100.843
100.843
100.776
100.776
100.708
100.708
100.639
100.639
100.568
100.568
100.497
100.497
100.424
100.424
100.351
100.351
100.277
100.277
100.201
100.201
100.125
100.125
100.047
100.047
99.9687
99.9687
99.8887
99.8887
99.8072
99.8072
99.7253
99.7253
99.6437
99.6437
99.5609
99.5609
99.4754
99.4754
99.3883
99.3883
99.3013
99.3013
99.2141
99.2141
99.1252
99.1252
99.0342
99.0342
98.9422
98.9422
98.8498
98.8498
98.7568
98.7568
98.6624
98.6624
98.5663
98.5663
98.4695
98.4695
98.3727
98.3727
98.2743
98.2743
98.1739
98.1739
98.0725
98.0725
97.9706
97.9706
97.8678
97.8678
97.7632
97.7632
97.6573
97.6573
97.5508
97.5508
97.4431
97.4431
97.3335
97.3335
97.2232
97.2232
97.1134
97.1134
97.0027
97.0027
96.889
96.889
96.7735
96.7735
96.6581
96.6581
96.5419
96.5419
96.4233
96.4233
96.3039
96.3039
96.1844
96.1844
96.0637
96.0637
95.9417
95.9417
95.8187
95.8187
95.6943
95.6943
95.5685
95.5685
95.4418
95.4418
95.3137
95.3137
95.185
95.185
95.0554
95.0554
94.9232
94.9232
94.7903
94.7903
94.6574
94.6574
94.5232
94.5232
94.3872
94.3872
94.2495
94.2495
94.1109
94.1109
93.9714
93.9714
93.8313
93.8313
93.6892
93.6892
93.545
93.545
93.4012
93.4012
93.2573
93.2573
93.111
93.111
92.9621
92.9621
92.8122
92.8122
92.6634
92.6634
92.5128
92.5128
92.359
92.359
92.2051
92.2051
92.052
92.052
91.8968
91.8968
91.7379
91.7379
91.5782
91.5782
91.4196
91.4196
91.2595
91.2595
91.0958
91.0958
90.931
90.931
90.7674
90.7674
90.6027
90.6027
90.4351
90.4351
90.2664
90.2664
90.0973
90.0973
89.9262
89.9262
89.7537
89.7537
89.5806
89.5806
89.4066
89.4066
89.2305
89.2305
89.0522
89.0522
88.8739
88.8739
88.6954
88.6954
88.5151
88.5151
88.3327
88.3327
88.1488
88.1488
87.9642
87.9642
87.7791
87.7791
87.5921
87.5921
87.4028
87.4028
87.2126
87.2126
87.0228
87.0228
86.8319
86.8319
86.6364
86.6364
86.4393
86.4393
86.2447
86.2447
86.0494
86.0494
85.85
85.85
85.6481
85.6481
85.4468
85.4468
85.2446
85.2446
85.0404
85.0404
84.8357
84.8357
84.6301
84.6301
84.4216
84.4216
84.2107
84.2107
84.0005
84.0005
83.7907
83.7907
83.5776
83.5776
83.3604
83.3604
83.1433
83.1433
82.9274
82.9274
82.7095
82.7095
82.4887
82.4887
82.2669
82.2669
82.0456
82.0456
81.822
81.822
81.5949
81.5949
81.3688
81.3688
81.1448
81.1448
80.9158
80.9158
80.6803
80.6803
80.4477
80.4477
80.2188
80.2188
79.9828
79.9828
79.7422
79.7422
79.5084
79.5084
79.2745
79.2745
79.0283
79.0283
78.7806
78.7806
78.5447
78.5447
78.3041
78.3041
78.0472
78.0472
77.797
77.797
77.5618
77.5618
77.3115
77.3115
77.0437
77.0437
76.7941
76.7941
76.5585
76.5585
76.2948
76.2948
76.0158
76.0158
75.7697
75.7697
75.53
75.53
75.2505
75.2505
74.9697
74.9697
74.7283
74.7283
74.473
74.473
74.1766
74.1766
73.9098
73.9098
73.6715
73.6715
73.3839
73.3839
73.0802
73.0802
72.8353
72.8353
72.5812
72.5812
72.2586
72.2586
71.9746
71.9746
71.7528
71.7528
71.4511
71.4511
71.106
71.106
70.8778
70.8778
70.648
70.648
70.2694
70.2694
69.9587
69.9587
69.7991
69.7991
69.4822
69.4822
69.0473
69.0473
68.8609
68.8609
68.7062
68.7062
68.2197
68.2197
67.839
67.839
67.827
67.827
67.5153
67.5153
66.8701
66.8701
66.7473
66.7473
66.8087
66.8087
66.1254
66.1254
65.5388
65.5388
65.8488
65.8488
65.6317
65.6317
64.5163
64.5163
64.4674
64.4674
65.0684
65.0684
64.0281
64.0281
62.9098
62.9098
63.9006
63.9006
64.0171
64.0171
61.866
61.866
61.8611
61.8611
63.7357
63.7357
62.0135
62.0135
59.5707
59.5707
62.0478
62.0478
63.1087
63.1087
58.5952
58.5952
58.5034
58.5034
63.4236
63.4236
60.3084
60.3084
54.6102
54.6102
60.4989
60.4989
63.9621
63.9621
53.8929
53.8929
53.4225
53.4225
65.6947
65.6947
59.3302
59.3302
45.6808
45.6808
60.0646
60.0646
69.0622
69.0622
45.4154
45.4154
44.5769
44.5769
74.8043
74.8043
59.4814
59.4814
26.5153
26.5153
64.5759
64.5759
83.6982
83.6982
25.818
25.818
28.1318
28.1318
101.602
101.602
64.6571
64.6571
-21.0547
-21.0547
71.5272
71.5272
127.611
127.611
11.548
11.548
-43.1376
-43.1376
128.563
128.563
137.863
137.863
-32.2815
-32.2815
-53.2364
-53.2364
156.75
156.75
140.369
140.369
-62.4546
-62.4546
-72.8162
-72.8162
167.406
167.406
156.982
156.982
-52.7583
-52.7583
-100.425
-100.425
143.143
143.143
177.355
177.355
-3.47256
-3.47256
-117.872
-117.872
106.537
106.537
216.497
216.497
70.0939
70.0939
-162.265
-162.265
-19.4906
-19.4906
307.63
307.63
208.57
208.57
-137.59
-137.59
-292.594
-292.594
-87.5199
-87.5199
319.855
319.855
283.335
283.335
15.4198
15.4198
-315.422
-315.422
-129.23
-129.23
368.508
368.508
401.046
401.046
224.021
224.021
-82.4455
-82.4455
-254.346
-254.346
-54.721
-54.721
330.487
330.487
260.3
260.3
-53.9191
-53.9191
-335.911
-335.911
-145.018
-145.018
312.518
312.518
367.655
367.655
211.258
211.258
-66.1695
-66.1695
-208.092
-208.092
11.2219
11.2219
304.955
304.955
180.494
180.494
-192.638
-192.638
-294.496
-294.496
-86.9398
-86.9398
297.774
297.774
256.576
256.576
-19.4982
-19.4982
-294.799
-294.799
-81.7143
-81.7143
424.016
424.016
377.359
377.359
89.62
89.62
-359.204
-359.204
-355.266
-355.266
-100.229
-100.229
356.129
356.129
341.895
341.895
101.985
101.985
-294
-294
-246.212
-246.212
75.199
75.199
352.747
352.747
237.56
237.56
-82.5601
-82.5601
-307.703
-307.703
-117.559
-117.559
305.588
305.588
310.751
310.751
94.5951
94.5951
-258.141
-258.141
-179.112
-179.112
180.486
180.486
295.67
295.67
165.588
165.588
-93.9369
-93.9369
-145.714
-145.714
94.0841
94.0841
186.863
186.863
24.0975
24.0975
-171.819
-171.819
16.2817
16.2817
296.574
296.574
156.642
156.642
-243.075
-243.075
-299.765
-299.765
-66.3693
-66.3693
320.388
320.388
246.414
246.414
-85.1828
-85.1828
-343.15
-343.15
-166.852
-166.852
238.184
238.184
317.228
317.228
167.973
167.973
-111.31
-111.31
-172.079
-172.079
61.6765
61.6765
201.656
201.656
41.4123
41.4123
-229.114
-229.114
-63.9322
-63.9322
358.198
358.198
277.797
277.797
-68.4786
-68.4786
-407.968
-407.968
-259.188
-259.188
120.615
120.615
393.839
393.839
302.812
302.812
40.9102
40.9102
-329.837
-329.837
-201.383
-201.383
205.939
205.939
351.602
351.602
242.108
242.108
-0.882164
-0.882164
-245.852
-245.852
-25.3025
-25.3025
406.87
406.87
281.202
281.202
-140.06
-140.06
-485.21
-485.21
-395.378
-395.378
-125.2
-125.2
341.809
341.809
358.12
358.12
151.401
151.401
-218.511
-218.511
-260.416
-260.416
-27.2105
-27.2105
290.294
290.294
161.997
161.997
-257.155
-257.155
-339.48
-339.48
-137.825
-137.825
220.803
220.803
244.316
244.316
39.6374
39.6374
-252.21
-252.21
-81.9315
-81.9315
367.988
367.988
307.716
307.716
-8.82301
-8.82301
-439.21
-439.21
-275.675
-275.675
162.721
162.721
465.586
465.586
405.197
405.197
198.426
198.426
-165.21
-165.21
-307.601
-307.601
-131.774
-131.774
204.44
204.44
215.215
215.215
-3.49049
-3.49049
-235.029
-235.029
-25.0804
-25.0804
378.492
378.492
236.817
236.817
-219.613
-219.613
-469.792
-469.792
-367.24
-367.24
-112.333
-112.333
309.234
309.234
295.687
295.687
46.6848
46.6848
-340.727
-340.727
-213.512
-213.512
193.861
193.861
355.171
355.171
245.766
245.766
-8.11826
-8.11826
-281.757
-281.757
-77.5671
-77.5671
390.206
390.206
319.849
319.849
-14.0807
-14.0807
-484.822
-484.822
-342.985
-342.985
55.2655
55.2655
556.906
556.906
458.973
458.973
110.637
110.637
-414.953
-414.953
-565.383
-565.383
-478.445
-478.445
-282.333
-282.333
43.1633
43.1633
372.323
372.323
214.138
214.138
-229.704
-229.704
-426.555
-426.555
-302.532
-302.532
-32.4946
-32.4946
341.165
341.165
199.639
199.639
-267.001
-267.001
-439.109
-439.109
-311.09
-311.09
-46.1004
-46.1004
338.915
338.915
210.042
210.042
-235.095
-235.095
-431.868
-431.868
-313.573
-313.573
-53.4328
-53.4328
329.634
329.634
213.187
213.187
-206.689
-206.689
-412.54
-412.54
-291.555
-291.555
-22.2323
-22.2323
318.996
318.996
161.961
161.961
-331.785
-331.785
-431.105
-431.105
-264.439
-264.439
35.8527
35.8527
303.376
303.376
130.466
130.466
-340.984
-340.984
-373.119
-373.119
-145.377
-145.377
237.527
237.527
268.227
268.227
64.4902
64.4902
-292.163
-292.163
-177.034
-177.034
214.103
214.103
300.427
300.427
142.413
142.413
-174.088
-174.088
-221.677
-221.677
-11.6306
-11.6306
197.316
197.316
13.2229
13.2229
-387.745
-387.745
-176.142
-176.142
371.53
371.53
463.787
463.787
338.45
338.45
91.2892
91.2892
-310.289
-310.289
-299.807
-299.807
-50.6256
-50.6256
302.266
302.266
187.393
187.393
-224.931
-224.931
-385.704
-385.704
-253.832
-253.832
14.9839
14.9839
242.787
242.787
56.2429
56.2429
-426.554
-426.554
-299.501
-299.501
124.23
124.23
472.726
472.726
393.782
393.782
139.134
139.134
-311.612
-311.612
-386.399
-386.399
-208.22
-208.22
99.248
99.248
232.994
232.994
69.4503
69.4503
-281.574
-281.574
-193.297
-193.297
157.418
157.418
268.199
268.199
112.183
112.183
-218.035
-218.035
-215.164
-215.164
32.568
32.568
181.926
181.926
-21.9844
-21.9844
-321.014
-321.014
-105.27
-105.27
388.414
388.414
357.734
357.734
86.6006
86.6006
-409.027
-409.027
-385.766
-385.766
-116.16
-116.16
329.051
329.051
318.462
318.462
72.999
72.999
-390.377
-390.377
-304.575
-304.575
50.1138
50.1138
417.079
417.079
268.507
268.507
-155.442
-155.442
-511.481
-511.481
-433.775
-433.775
-191.575
-191.575
200.712
200.712
310.197
310.197
166.508
166.508
-141.18
-141.18
-255.867
-255.867
-89.6553
-89.6553
178.329
178.329
94.7516
94.7516
-247.637
-247.637
-225.464
-225.464
39.5019
39.5019
202.631
202.631
4.76553
4.76553
-372.357
-372.357
-151.509
-151.509
401.114
401.114
450.519
450.519
284.85
284.85
-26.3291
-26.3291
-418.953
-418.953
-299.113
-299.113
39.2801
39.2801
389.946
389.946
247.386
247.386
-170.947
-170.947
-479.877
-479.877
-404.869
-404.869
-177.001
-177.001
182.716
182.716
258.632
258.632
85.1604
85.1604
-263.667
-263.667
-218.325
-218.325
68.7896
68.7896
217.272
217.272
35.0312
35.0312
-356.691
-356.691
-194.087
-194.087
266.436
266.436
380.097
380.097
255.63
255.63
-12.2554
-12.2554
-366.561
-366.561
-190.295
-190.295
245.898
245.898
353.704
353.704
221.758
221.758
-61.7069
-61.7069
-327.348
-327.348
-167.934
-167.934
192.339
192.339
248.624
248.624
61.1522
61.1522
-304.309
-304.309
-212.475
-212.475
134.126
134.126
273.834
273.834
124.609
124.609
-221.844
-221.844
-264.776
-264.776
-65.1918
-65.1918
192.409
192.409
66.2331
66.2331
-349.369
-349.369
-271.145
-271.145
67.2591
67.2591
328.578
328.578
178.871
178.871
-230.565
-230.565
-388.514
-388.514
-264.947
-264.947
-20.6387
-20.6387
212.168
212.168
31.1464
31.1464
-459.74
-459.74
-291.187
-291.187
179.81
179.81
496.132
496.132
446.254
446.254
254.573
254.573
-96.8165
-96.8165
-425.094
-425.094
-327.124
-327.124
-59.6927
-59.6927
301.966
301.966
217.568
217.568
-132.396
-132.396
-398.092
-398.092
-301.95
-301.95
-49.958
-49.958
259.285
259.285
138.304
138.304
-284.084
-284.084
-368.27
-368.27
-204.617
-204.617
66.4502
66.4502
161.866
161.866
-44.8093
-44.8093
-285.563
-285.563
-130.806
-130.806
210.9
210.9
199.501
199.501
-58.231
-58.231
-318.303
-318.303
-167.393
-167.393
172.51
172.51
219.931
219.931
18.591
18.591
-331.772
-331.772
-183.676
-183.676
224.447
224.447
313.644
313.644
161.902
161.902
-163.855
-163.855
-296.035
-296.035
-159.826
-159.826
80.9171
80.9171
87.3281
87.3281
-164.965
-164.965
-186.627
-186.627
-0.218277
-0.218277
85.5816
85.5816
-139.91
-139.91
-211.899
-211.899
-50.2358
-50.2358
118.089
118.089
-49.4707
-49.4707
-288.577
-288.577
-141.175
-141.175
180.628
180.628
180.359
180.359
-67.4847
-67.4847
-296.598
-296.598
-161.3
-161.3
135.264
135.264
161.651
161.651
-67.9177
-67.9177
-269.87
-269.87
-136.988
-136.988
138.432
138.432
120.51
120.51
-152.374
-152.374
-236.499
-236.499
-87.5512
-87.5512
110.618
110.618
-4.56615
-4.56615
-288.999
-288.999
-145.036
-145.036
214.728
214.728
231.297
231.297
9.41557
9.41557
-369.647
-369.647
-224.461
-224.461
174.407
174.407
338.108
338.108
223.375
223.375
-60.2058
-60.2058
-373.074
-373.074
-239.214
-239.214
87.034
87.034
267.325
267.325
112.761
112.761
-285.747
-285.747
-331.757
-331.757
-148.516
-148.516
122.273
122.273
118.949
118.949
-140.684
-140.684
-235.745
-235.745
-100.203
-100.203
90.9716
90.9716
-10.1376
-10.1376
-262.128
-262.128
-135.924
-135.924
174.772
174.772
167.04
167.04
-89.1636
-89.1636
-293.796
-293.796
-178.662
-178.662
70.1323
70.1323
106.194
106.194
-135.781
-135.781
-227.795
-227.795
-94.5277
-94.5277
85.3402
85.3402
-28.4253
-28.4253
-252.64
-252.64
-133.392
-133.392
140.837
140.837
119.352
119.352
-157.341
-157.341
-251.657
-251.657
-117.793
-117.793
76.7688
76.7688
-1.59274
-1.59274
-250.438
-250.438
-139.012
-139.012
151.888
151.888
146.029
146.029
-110.717
-110.717
-273.697
-273.697
-163.739
-163.739
50.3368
50.3368
49.7045
49.7045
-210.165
-210.165
-181.31
-181.31
38.0725
38.0725
89.8308
89.8308
-148.165
-148.165
-225.423
-225.423
-88.7521
-88.7521
79.0565
79.0565
-47.9796
-47.9796
-245.789
-245.789
-136.152
-136.152
99.9715
99.9715
69.8038
69.8038
-217.449
-217.449
-216.374
-216.374
-17.5804
-17.5804
113.674
113.674
-82.6565
-82.6565
-287.263
-287.263
-181.693
-181.693
50.6463
50.6463
89.8469
89.8469
-152.93
-152.93
-227.578
-227.578
-95.2207
-95.2207
69.2758
69.2758
-50.2589
-50.2589
-234.125
-234.125
-132.434
-132.434
82.1284
82.1284
38.9289
38.9289
-233.313
-233.313
-195.841
-195.841
24.9125
24.9125
104.18
104.18
-118.097
-118.097
-254.75
-254.75
-149.206
-149.206
37.5523
37.5523
13.0443
13.0443
-216.751
-216.751
-162.29
-162.29
54.3891
54.3891
68.4183
68.4183
-187.675
-187.675
-212.346
-212.346
-47.4999
-47.4999
84.5937
84.5937
-89.7187
-89.7187
-252.124
-252.124
-150.773
-150.773
45.1873
45.1873
27.1673
27.1673
-214.456
-214.456
-181.764
-181.764
18.9663
18.9663
73.7449
73.7449
-159.427
-159.427
-225.123
-225.123
-92.6189
-92.6189
61.9998
61.9998
-61.4029
-61.4029
-228.993
-228.993
-138.141
-138.141
49.2012
49.2012
12.5204
12.5204
-223.812
-223.812
-174.413
-174.413
34.6933
34.6933
74.1699
74.1699
-164.595
-164.595
-224.257
-224.257
-91.5298
-91.5298
59.0459
59.0459
-64.2635
-64.2635
-227.001
-227.001
-140.609
-140.609
37.868
37.868
7.67214
7.67214
-215.872
-215.872
-172.378
-172.378
22.7284
22.7284
59.9949
59.9949
-173.639
-173.639
-215.995
-215.995
-75.812
-75.812
61.1553
61.1553
-80.3249
-80.3249
-228.656
-228.656
-139.642
-139.642
29.4735
29.4735
-1.29094
-1.29094
-210.572
-210.572
-167.954
-167.954
15.6926
15.6926
46.4575
46.4575
-176.676
-176.676
-207.937
-207.937
-68.0686
-68.0686
54.6315
54.6315
-91.5708
-91.5708
-221.675
-221.675
-134.231
-134.231
19.4694
19.4694
-17.988
-17.988
-197.462
-197.462
-159.355
-159.355
-3.49449
-3.49449
15.7684
15.7684
-180.612
-180.612
-186.005
-186.005
-42.998
-42.998
40.9246
40.9246
-125.335
-125.335
-207.756
-207.756
-110.906
-110.906
15.8489
15.8489
-57.8044
-57.8044
-188.83
-188.83
-137.121
-137.121
-11.834
-11.834
-25.7306
-25.7306
-170.602
-170.602
-156.461
-156.461
-39.5058
-39.5058
-4.32367
-4.32367
-148.706
-148.706
-171.818
-171.818
-67.1119
-67.1119
3.16206
3.16206
-117.807
-117.807
-176.319
-176.319
-95.0687
-95.0687
-8.05006
-8.05006
-86.5913
-86.5913
-169.423
-169.423
-117.253
-117.253
-29.1748
-29.1748
-59.7597
-59.7597
-153.063
-153.063
-136.483
-136.483
-58.1441
-58.1441
-43.9654
-43.9654
-126.98
-126.98
-146.139
-146.139
-87.1952
-87.1952
-46.4854
-46.4854
-99.1672
-99.1672
-142.65
-142.65
-109.458
-109.458
-61.0701
-61.0701
-79.1651
-79.1651
-129.194
-129.194
-123.187
-123.187
-81.1602
-81.1602
-71.7533
-71.7533
-110.498
-110.498
-126.027
-126.027
-99.1455
-99.1455
-76.3694
-76.3694
-95.4299
-95.4299
-120.363
-120.363
-110.511
-110.511
-86.5744
-86.5744
-87.8912
-87.8912
-110.313
-110.313
-114.607
-114.607
-97.4561
-97.4561
-88.1284
-88.1284
-101.062
-101.062
-112.68
-112.68
-105.089
-105.089
-92.8589
-92.8589
-95.8882
-95.8882
-107.663
-107.663
-108.368
-108.368
-98.7737
-98.7737
-95.1399
-95.1399
-102.57
-102.57
-107.901
-107.901
-103.285
-103.285
-97.3196
-97.3196
-99.5303
-99.5303
-105.435
-105.435
-105.374
-105.374
-100.426
-100.426
-98.9261
-98.9261
-102.786
-102.786
-105.309
-105.309
-102.896
-102.896
-100.011
-100.011
-101.19
-101.19
-104.083
-104.083
-104.051
-104.051
-101.643
-101.643
-100.907
-100.907
-102.756
-102.756
-104.024
-104.024
-102.924
-102.924
-101.516
-101.516
-102.004
-102.004
-103.393
-103.393
-103.481
-103.481
-102.375
-102.375
-101.944
-101.944
-102.754
-102.754
-103.42
-103.42
-102.996
-102.996
-102.311
-102.311
-102.443
-102.443
-103.084
-103.084
-103.217
-103.217
-102.747
-102.747
-102.48
-102.48
-102.789
-102.789
-103.136
-103.136
-103.014
-103.014
-102.691
-102.691
-102.68
-102.68
-102.951
-102.951
-103.065
-103.065
-102.886
-102.886
-102.727
-102.727
-102.815
-102.815
-102.98
-102.98
-102.967
-102.967
-102.823
-102.823
-102.774
-102.774
-102.868
-102.868
-102.938
-102.938
-102.879
-102.879
-102.788
-102.788
-102.79
-102.79
-102.853
-102.853
-102.862
-102.862
-102.8
-102.8
-102.751
-102.751
-102.766
-102.766
-102.793
-102.793
-102.772
-102.772
-102.72
-102.72
-102.694
-102.694
-102.702
-102.702
-102.702
-102.702
-102.67
-102.67
-102.629
-102.629
-102.61
-102.61
-102.606
-102.606
-102.588
-102.588
-102.553
-102.553
-102.519
-102.519
-102.499
-102.499
-102.483
-102.483
-102.455
-102.455
-102.418
-102.418
-102.386
-102.386
-102.362
-102.362
-102.336
-102.336
-102.302
-102.302
-102.266
-102.266
-102.232
-102.232
-102.202
-102.202
-102.168
-102.168
-102.13
-102.13
-102.092
-102.092
-102.055
-102.055
-102.018
-102.018
-101.98
-101.98
-101.938
-101.938
-101.896
-101.896
-101.855
-101.855
-101.813
-101.813
-101.769
-101.769
-101.724
-101.724
-101.679
-101.679
-101.634
-101.634
-101.588
-101.588
-101.54
-101.54
-101.492
-101.492
-101.443
-101.443
-101.392
-101.392
-101.341
-101.341
-101.289
-101.289
-101.237
-101.237
-101.183
-101.183
-101.128
-101.128
-101.073
-101.073
-101.017
-101.017
-100.96
-100.96
-100.904
-100.904
-100.845
-100.845
-100.785
-100.785
-100.725
-100.725
-100.664
-100.664
-100.603
-100.603
-100.54
-100.54
-100.477
-100.477
-100.414
-100.414
-100.349
-100.349
-100.283
-100.283
-100.217
-100.217
-100.15
-100.15
-100.083
-100.083
-100.014
-100.014
-99.9439
-99.9439
-99.8732
-99.8732
-99.802
-99.802
-99.7301
-99.7301
-99.6575
-99.6575
-99.5841
-99.5841
-99.5098
-99.5098
-99.4348
-99.4348
-99.3585
-99.3585
-99.282
-99.282
-99.2057
-99.2057
-99.1284
-99.1284
-99.0487
-99.0487
-98.9668
-98.9668
-98.8857
-98.8857
-98.8056
-98.8056
-98.7239
-98.7239
-98.6402
-98.6402
-98.5558
-98.5558
-98.4715
-98.4715
-98.3872
-98.3872
-98.3016
-98.3016
-98.2147
-98.2147
-98.1273
-98.1273
-98.0387
-98.0387
-97.9488
-97.9488
-97.8589
-97.8589
-97.7688
-97.7688
-97.6771
-97.6771
-97.5846
-97.5846
-97.4922
-97.4922
-97.3993
-97.3993
-97.306
-97.306
-97.2115
-97.2115
-97.1148
-97.1148
-97.0177
-97.0177
-96.9204
-96.9204
-96.8217
-96.8217
-96.7221
-96.7221
-96.6227
-96.6227
-96.5231
-96.5231
-96.4228
-96.4228
-96.3214
-96.3214
-96.2186
-96.2186
-96.1145
-96.1145
-96.0099
-96.0099
-95.9055
-95.9055
-95.8008
-95.8008
-95.6959
-95.6959
-95.5899
-95.5899
-95.4822
-95.4822
-95.3737
-95.3737
-95.2645
-95.2645
-95.1544
-95.1544
-95.0437
-95.0437
-94.9325
-94.9325
-94.8208
-94.8208
-94.7083
-94.7083
-94.5949
-94.5949
-94.4808
-94.4808
-94.3653
-94.3653
-94.2484
-94.2484
-94.132
-94.132
-94.0164
-94.0164
-93.8998
-93.8998
-93.7808
-93.7808
-93.6603
-93.6603
-93.5398
-93.5398
-93.4193
-93.4193
-93.2985
-93.2985
-93.1768
-93.1768
-93.0542
-93.0542
-92.9302
-92.9302
-92.806
-92.806
-92.682
-92.682
-92.5564
-92.5564
-92.4297
-92.4297
-92.3023
-92.3023
-92.1745
-92.1745
-92.0464
-92.0464
-91.9172
-91.9172
-91.7882
-91.7882
-91.6583
-91.6583
-91.5262
-91.5262
-91.3934
-91.3934
-91.2607
-91.2607
-91.1279
-91.1279
-90.9945
-90.9945
-90.859
-90.859
-90.7224
-90.7224
-90.5872
-90.5872
-90.4523
-90.4523
-90.3154
-90.3154
-90.1764
-90.1764
-90.0362
-90.0362
-89.8967
-89.8967
-89.7579
-89.7579
-89.6174
-89.6174
-89.4753
-89.4753
-89.3323
-89.3323
-89.1892
-89.1892
-89.0457
-89.0457
-88.9009
-88.9009
-88.7565
-88.7565
-88.612
-88.612
-88.4654
-88.4654
-88.3184
-88.3184
-88.172
-88.172
-88.024
-88.024
-87.8735
-87.8735
-87.7226
-87.7226
-87.5728
-87.5728
-87.4229
-87.4229
-87.271
-87.271
-87.1182
-87.1182
-86.966
-86.966
-86.8134
-86.8134
-86.6592
-86.6592
-86.5033
-86.5033
-86.3469
-86.3469
-86.19
-86.19
-86.0326
-86.0326
-85.8751
-85.8751
-85.7168
-85.7168
-85.5572
-85.5572
-85.3967
-85.3967
-85.2362
-85.2362
-85.076
-85.076
-84.9162
-84.9162
-84.7563
-84.7563
-84.5942
-84.5942
-84.4288
-84.4288
-84.2626
-84.2626
-84.0967
-84.0967
-83.9311
-83.9311
-83.7653
-83.7653
-83.598
-83.598
-83.4289
-83.4289
-83.2597
-83.2597
-83.0913
-83.0913
-82.9223
-82.9223
-82.7514
-82.7514
-82.5788
-82.5788
-82.4068
-82.4068
-82.2359
-82.2359
-82.0645
-82.0645
-81.8903
-81.8903
-81.7151
-81.7151
-81.5403
-81.5403
-81.3658
-81.3658
-81.1912
-81.1912
-81.0133
-81.0133
-80.8336
-80.8336
-80.6555
-80.6555
-80.4785
-80.4785
-80.2998
-80.2998
-80.1194
-80.1194
-79.9386
-79.9386
-79.7572
-79.7572
-79.5757
-79.5757
-79.3928
-79.3928
-79.2087
-79.2087
-79.0248
-79.0248
-78.8396
-78.8396
-78.6531
-78.6531
-78.4661
-78.4661
-78.2794
-78.2794
-78.0939
-78.0939
-77.9087
-77.9087
-77.7217
-77.7217
-77.5318
-77.5318
-77.339
-77.339
-77.1459
-77.1459
-76.9548
-76.9548
-76.7644
-76.7644
-76.5735
-76.5735
-76.3805
-76.3805
-76.1857
-76.1857
-75.9908
-75.9908
-75.7963
-75.7963
-75.6004
-75.6004
-75.4035
-75.4035
-75.207
-75.207
-75.0108
-75.0108
-74.8136
-74.8136
-74.6142
-74.6142
-74.4131
-74.4131
-74.2115
-74.2115
-74.0106
-74.0106
-73.8104
-73.8104
-73.6108
-73.6108
-73.4091
-73.4091
-73.2052
-73.2052
-72.9999
-72.9999
-72.7941
-72.7941
-72.589
-72.589
-72.3837
-72.3837
-72.1782
-72.1782
-71.9714
-71.9714
-71.7633
-71.7633
-71.5535
-71.5535
-71.3423
-71.3423
-71.1321
-71.1321
-70.9237
-70.9237
-70.7128
-70.7128
-70.4998
-70.4998
-70.2878
-70.2878
-70.0748
-70.0748
-69.8621
-69.8621
-69.6489
-69.6489
-69.4335
-69.4335
-69.2175
-69.2175
-69.0021
-69.0021
-68.787
-68.787
-68.5696
-68.5696
-68.3493
-68.3493
-68.128
-68.128
-67.9086
-67.9086
-67.6909
-67.6909
-67.4707
-67.4707
-67.2479
-67.2479
-67.0269
-67.0269
-66.8062
-66.8062
-66.5821
-66.5821
-66.3561
-66.3561
-66.1311
-66.1311
-65.9063
-65.9063
-65.6797
-65.6797
-65.4514
-65.4514
-65.2224
-65.2224
-64.9946
-64.9946
-64.7682
-64.7682
-64.5424
-64.5424
-64.314
-64.314
-64.0817
-64.0817
-63.85
-63.85
-63.6189
-63.6189
-63.3863
-63.3863
-63.1522
-63.1522
-62.918
-62.918
-62.684
-62.684
-62.4494
-62.4494
-62.2141
-62.2141
-61.977
-61.977
-61.7375
-61.7375
-61.4991
-61.4991
-61.2613
-61.2613
-61.0212
-61.0212
-60.7806
-60.7806
-60.5409
-60.5409
-60.3017
-60.3017
-60.0595
-60.0595
-59.8129
-59.8129
-59.5666
-59.5666
-59.3245
-59.3245
-59.0838
-59.0838
-58.8392
-58.8392
-58.5911
-58.5911
-58.3437
-58.3437
-58.0975
-58.0975
-57.8501
-57.8501
-57.6001
-57.6001
-57.3477
-57.3477
-57.0959
-57.0959
-56.8459
-56.8459
-56.5961
-56.5961
-56.3448
-56.3448
-56.0913
-56.0913
-55.8361
-55.8361
-55.5828
-55.5828
-55.3292
-55.3292
-55.072
-55.072
-54.8136
-54.8136
-54.5562
-54.5562
-54.298
-54.298
-54.0383
-54.0383
-53.7784
-53.7784
-53.5187
-53.5187
-53.2595
-53.2595
-52.9974
-52.9974
-52.7325
-52.7325
-52.469
-52.469
-52.2074
-52.2074
-51.9441
-51.9441
-51.6772
-51.6772
-51.409
-51.409
-51.1418
-51.1418
-50.8742
-50.8742
-50.6055
-50.6055
-50.3356
-50.3356
-50.0659
-50.0659
-49.7954
-49.7954
-49.5229
-49.5229
-49.2496
-49.2496
-48.9759
-48.9759
-48.7024
-48.7024
-48.4285
-48.4285
-48.1539
-48.1539
-47.8776
-47.8776
-47.5993
-47.5993
-47.321
-47.321
-47.0437
-47.0437
-46.7651
-46.7651
-46.4853
-46.4853
-46.2029
-46.2029
-45.9181
-45.9181
-45.6346
-45.6346
-45.3538
-45.3538
-45.0712
-45.0712
-44.7853
-44.7853
-44.4977
-44.4977
-44.2097
-44.2097
-43.9235
-43.9235
-43.6381
-43.6381
-43.3489
-43.3489
-43.0548
-43.0548
-42.7604
-42.7604
-42.4678
-42.4678
-42.1765
-42.1765
-41.8847
-41.8847
-41.5885
-41.5885
-41.288
-41.288
-40.9875
-40.9875
-40.6896
-40.6896
-40.3926
-40.3926
-40.0921
-40.0921
-39.7876
-39.7876
-39.4831
-39.4831
-39.1808
-39.1808
-38.8768
-38.8768
-38.5694
-38.5694
-38.2602
-38.2602
-37.9509
-37.9509
-37.6432
-37.6432
-37.333
-37.333
-37.0184
-37.0184
-36.7044
-36.7044
-36.3903
-36.3903
-36.0745
-36.0745
-35.7583
-35.7583
-35.4432
-35.4432
-35.1275
-35.1275
-34.8076
-34.8076
-34.4846
-34.4846
-34.1628
-34.1628
-33.8437
-33.8437
-33.5226
-33.5226
-33.1975
-33.1975
-32.874
-32.874
-32.5561
-32.5561
-32.253
-32.253
-32.0061
-32.0061
-31.8941
-31.8941
-31.9509
-31.9509
-32.0848
-32.0848
-32.1439
-32.1439
-32.0479
-32.0479
-31.8513
-31.8513
-31.6212
-31.6212
-31.3613
-31.3613
-31.0568
-31.0568
-30.7227
-30.7227
-30.3968
-30.3968
-30.082
-30.082
-29.7533
-29.7533
-29.4091
-29.4091
-29.0691
-29.0691
-28.7364
-28.7364
-28.3968
-28.3968
-28.0428
-28.0428
-27.6861
-27.6861
-27.3366
-27.3366
-26.9876
-26.9876
-26.6311
-26.6311
-26.2694
-26.2694
-25.9111
-25.9111
-25.5567
-25.5567
-25.1974
-25.1974
-24.8317
-24.8317
-24.4696
-24.4696
-24.116
-24.116
-23.763
-23.763
-23.4035
-23.4035
-23.0391
-23.0391
-22.6788
-22.6788
-22.3256
-22.3256
-21.9735
-21.9735
-21.6163
-21.6163
-21.2559
-21.2559
-20.9005
-20.9005
-20.5518
-20.5518
-20.2032
-20.2032
-19.8522
-19.8522
-19.5003
-19.5003
-19.1503
-19.1503
-18.8021
-18.8021
-18.4524
-18.4524
-18.101
-18.101
-17.7483
-17.7483
-17.3972
-17.3972
-17.0504
-17.0504
-16.7039
-16.7039
-16.356
-16.356
-16.0092
-16.0092
-15.6662
-15.6662
-15.3265
-15.3265
-14.9883
-14.9883
-14.6533
-14.6533
-14.3245
-14.3245
-14.002
-14.002
-13.6823
-13.6823
-13.3645
-13.3645
-13.0485
-13.0485
-12.7342
-12.7342
-12.4219
-12.4219
-12.1093
-12.1093
-11.7936
-11.7936
-11.4766
-11.4766
-11.1604
-11.1604
-10.8442
-10.8442
-10.5254
-10.5254
-10.2057
-10.2057
-9.89045
-9.89045
-9.57703
-9.57703
-9.2612
-9.2612
-8.94458
-8.94458
-8.63154
-8.63154
-8.31945
-8.31945
-8.0074
-8.0074
-7.69807
-7.69807
-7.39049
-7.39049
-7.08293
-7.08293
-6.77286
-6.77286
-6.46276
-6.46276
-6.15334
-6.15334
-5.84548
-5.84548
-5.53742
-5.53742
-5.22568
-5.22568
-4.9138
-4.9138
-4.60333
-4.60333
-4.29071
-4.29071
-3.97438
-3.97438
-3.65699
-3.65699
-3.34019
-3.34019
-3.02485
-3.02485
-2.70929
-2.70929
-2.38928
-2.38928
-2.0683
-2.0683
-1.75316
-1.75316
-1.44124
-1.44124
-1.12113
-1.12113
-0.791901
-0.791901
-0.468648
-0.468648
-0.152112
-0.152112
0.171139
0.171139
0.50797
0.50797
0.848391
0.848391
1.17995
1.17995
1.50688
1.50688
1.83787
1.83787
2.17286
2.17286
2.50486
2.50486
2.8312
2.8312
3.15612
3.15612
3.48311
3.48311
3.80872
3.80872
4.12763
4.12763
4.43966
4.43966
4.74822
4.74822
5.05683
5.05683
5.36401
5.36401
5.66729
5.66729
5.97021
5.97021
6.27808
6.27808
6.59103
6.59103
6.90401
6.90401
7.21623
7.21623
7.53446
7.53446
7.85765
7.85765
8.17811
8.17811
8.49419
8.49419
8.81095
8.81095
9.13339
9.13339
9.4581
9.4581
9.78008
9.78008
10.0985
10.0985
10.4176
10.4176
10.7425
10.7425
11.0679
11.0679
11.3897
11.3897
11.7097
11.7097
12.03
12.03
12.3522
12.3522
12.6744
12.6744
12.9957
12.9957
13.3164
13.3164
13.6345
13.6345
13.9511
13.9511
14.2672
14.2672
14.5815
14.5815
14.8944
14.8944
15.2069
15.2069
15.5206
15.5206
15.8352
15.8352
16.1484
16.1484
16.4599
16.4599
16.7705
16.7705
17.0821
17.0821
17.3945
17.3945
17.7053
17.7053
18.0139
18.0139
18.3221
18.3221
18.6297
18.6297
18.9365
18.9365
19.2425
19.2425
19.5484
19.5484
19.8542
19.8542
20.157
20.157
20.4546
20.4546
20.7518
20.7518
21.0537
21.0537
21.3572
21.3572
21.6562
21.6562
21.9508
21.9508
22.248
22.248
22.5466
22.5466
22.84
22.84
23.1307
23.1307
23.4244
23.4244
23.7186
23.7186
24.0099
24.0099
24.2978
24.2978
24.5843
24.5843
24.8732
24.8732
25.1652
25.1652
25.4568
25.4568
25.7442
25.7442
26.0278
26.0278
26.3132
26.3132
26.6035
26.6035
26.893
26.893
27.1776
27.1776
27.462
27.462
27.7507
27.7507
28.0418
28.0418
28.3291
28.3291
28.6104
28.6104
28.8923
28.8923
29.1809
29.1809
29.4702
29.4702
29.7539
29.7539
30.0378
30.0378
30.327
30.327
30.6171
30.6171
30.9038
30.9038
31.1886
31.1886
31.4726
31.4726
31.7572
31.7572
32.0444
32.0444
32.3336
32.3336
32.6221
32.6221
32.9082
32.9082
33.1927
33.1927
33.4779
33.4779
33.7678
33.7678
34.0588
34.0588
34.3452
34.3452
34.6313
34.6313
34.9185
34.9185
35.2059
35.2059
35.4945
35.4945
35.7835
35.7835
36.0722
36.0722
36.3597
36.3597
36.6468
36.6468
36.9354
36.9354
37.227
37.227
37.5202
37.5202
37.8115
37.8115
38.0974
38.0974
38.3826
38.3826
38.6729
38.6729
38.9664
38.9664
39.2564
39.2564
39.5413
39.5413
39.8267
39.8267
40.1161
40.1161
40.4061
40.4061
40.6896
40.6896
40.9687
40.9687
41.2532
41.2532
41.5432
41.5432
41.8289
41.8289
42.1073
42.1073
42.3867
42.3867
42.6741
42.6741
42.9626
42.9626
43.2438
43.2438
43.5203
43.5203
43.7998
43.7998
44.0825
44.0825
44.3628
44.3628
44.6407
44.6407
44.9182
44.9182
45.198
45.198
45.478
45.478
45.7546
45.7546
46.0288
46.0288
46.3044
46.3044
46.5823
46.5823
46.8577
46.8577
47.1311
47.1311
47.405
47.405
47.6782
47.6782
47.9499
47.9499
48.2213
48.2213
48.4943
48.4943
48.7687
48.7687
49.0429
49.0429
49.316
49.316
49.5876
49.5876
49.8589
49.8589
50.1308
50.1308
50.4024
50.4024
50.6738
50.6738
50.9442
50.9442
51.2139
51.2139
51.4842
51.4842
51.753
51.753
52.0224
52.0224
52.2941
52.2941
52.5644
52.5644
52.8322
52.8322
53.1003
53.1003
53.3697
53.3697
53.6388
53.6388
53.9048
53.9048
54.1672
54.1672
54.431
54.431
54.6992
54.6992
54.9676
54.9676
55.2315
55.2315
55.4931
55.4931
55.7579
55.7579
56.0236
56.0236
56.2848
56.2848
56.5441
56.5441
56.8043
56.8043
57.0642
57.0642
57.3223
57.3223
57.5797
57.5797
57.8387
57.8387
58.0982
58.0982
58.3562
58.3562
58.6113
58.6113
58.8654
58.8654
59.1215
59.1215
59.3764
59.3764
59.6278
59.6278
59.8789
59.8789
60.1319
60.1319
60.3863
60.3863
60.6398
60.6398
60.8905
60.8905
61.139
61.139
61.3881
61.3881
61.6381
61.6381
61.887
61.887
62.1345
62.1345
62.3814
62.3814
62.6285
62.6285
62.8745
62.8745
63.1191
63.1191
63.3626
63.3626
63.6064
63.6064
63.8503
63.8503
64.094
64.094
64.3366
64.3366
64.5758
64.5758
64.8136
64.8136
65.0537
65.0537
65.2952
65.2952
65.5344
65.5344
65.7714
65.7714
66.0085
66.0085
66.2451
66.2451
66.4807
66.4807
66.7165
66.7165
66.9521
66.9521
67.1862
67.1862
67.4189
67.4189
67.6502
67.6502
67.8813
67.8813
68.1139
68.1139
68.3446
68.3446
68.5723
68.5723
68.7994
68.7994
69.0272
69.0272
69.2564
69.2564
69.4859
69.4859
69.7143
69.7143
69.9401
69.9401
70.1628
70.1628
70.3842
70.3842
70.6075
70.6075
70.8331
70.8331
71.0581
71.0581
71.2796
71.2796
71.4977
71.4977
71.7155
71.7155
71.934
71.934
72.1527
72.1527
72.3709
72.3709
72.5882
72.5882
72.8037
72.8037
73.0182
73.0182
73.2341
73.2341
73.4481
73.4481
73.6597
73.6597
73.8728
73.8728
74.0861
74.0861
74.2971
74.2971
74.5065
74.5065
74.7157
74.7157
74.9256
74.9256
75.1348
75.1348
75.343
75.343
75.5486
75.5486
75.7513
75.7513
75.9555
75.9555
76.1619
76.1619
76.3662
76.3662
76.5671
76.5671
76.7674
76.7674
76.9684
76.9684
77.1697
77.1697
77.3709
77.3709
77.5712
77.5712
77.7688
77.7688
77.9647
77.9647
78.1596
78.1596
78.3544
78.3544
78.5507
78.5507
78.7477
78.7477
78.9421
78.9421
79.1336
79.1336
79.3257
79.3257
79.5181
79.5181
79.7084
79.7084
79.8973
79.8973
80.0858
80.0858
80.2745
80.2745
80.4634
80.4634
80.651
80.651
80.8368
80.8368
81.0214
81.0214
81.2051
81.2051
81.3898
81.3898
81.5735
81.5735
81.7531
81.7531
81.9322
81.9322
82.1139
82.1139
82.2972
82.2972
82.4777
82.4777
82.6541
82.6541
82.8295
82.8295
83.0067
83.0067
83.1854
83.1854
83.3624
83.3624
83.5366
83.5366
83.7107
83.7107
83.8858
83.8858
84.0591
84.0591
84.2287
84.2287
84.3971
84.3971
84.5677
84.5677
84.739
84.739
84.9086
84.9086
85.0753
85.0753
85.2391
85.2391
85.4048
85.4048
85.574
85.574
85.7411
85.7411
85.9036
85.9036
86.0637
86.0637
86.225
86.225
86.3888
86.3888
86.5526
86.5526
86.7131
86.7131
86.8708
86.8708
87.0292
87.0292
87.1894
87.1894
87.3487
87.3487
87.5051
87.5051
87.6594
87.6594
87.8136
87.8136
87.968
87.968
88.1205
88.1205
88.2713
88.2713
88.4228
88.4228
88.5757
88.5757
88.7281
88.7281
88.8769
88.8769
89.0236
89.0236
89.1706
89.1706
89.3183
89.3183
89.4663
89.4663
89.6131
89.6131
89.7582
89.7582
89.9028
89.9028
90.0473
90.0473
90.1901
90.1901
90.3317
90.3317
90.4731
90.4731
90.6137
90.6137
90.7525
90.7525
90.8913
90.8913
91.031
91.031
91.1691
91.1691
91.3048
91.3048
91.4399
91.4399
91.5751
91.5751
91.7102
91.7102
91.8441
91.8441
91.9777
91.9777
92.1116
92.1116
92.2445
92.2445
92.3756
92.3756
92.505
92.505
92.6338
92.6338
92.7629
92.7629
92.8912
92.8912
93.0171
93.0171
93.1422
93.1422
93.2682
93.2682
93.3945
93.3945
93.5192
93.5192
93.6423
93.6423
93.7654
93.7654
93.8886
93.8886
94.0103
94.0103
94.1294
94.1294
94.2474
94.2474
94.3661
94.3661
94.4846
94.4846
94.6019
94.6019
94.718
94.718
94.8328
94.8328
94.9472
94.9472
95.0613
95.0613
95.1755
95.1755
95.289
95.289
95.4007
95.4007
95.5107
95.5107
95.6204
95.6204
95.7308
95.7308
95.8406
95.8406
95.9489
95.9489
96.0555
96.0555
96.1609
96.1609
96.2665
96.2665
96.3722
96.3722
96.4767
96.4767
96.5804
96.5804
96.6826
96.6826
96.7837
96.7837
96.8845
96.8845
96.9847
96.9847
97.084
97.084
97.1826
97.1826
97.2806
97.2806
97.3778
97.3778
97.474
97.474
97.5696
97.5696
97.6646
97.6646
97.7584
97.7584
97.8513
97.8513
97.9435
97.9435
98.0346
98.0346
98.1251
98.1251
98.2151
98.2151
98.3042
98.3042
98.3925
98.3925
98.4803
98.4803
98.5676
98.5676
98.6538
98.6538
98.7394
98.7394
98.8246
98.8246
98.9082
98.9082
98.9903
98.9903
99.072
99.072
99.1533
99.1533
99.2332
99.2332
99.3129
99.3129
99.3933
99.3933
99.4725
99.4725
99.5499
99.5499
99.625
99.625
99.6993
99.6993
99.7748
99.7748
99.8507
99.8507
99.9246
99.9246
99.9968
99.9968
100.069
100.069
100.14
100.14
100.21
100.21
100.28
100.28
100.349
100.349
100.417
100.417
100.485
100.485
100.551
100.551
100.618
100.618
100.683
100.683
100.747
100.747
100.811
100.811
100.874
100.874
100.935
100.935
100.996
100.996
101.057
101.057
101.117
101.117
101.175
101.175
101.233
101.233
101.29
101.29
101.346
101.346
101.402
101.402
101.457
101.457
101.51
101.51
101.563
101.563
101.616
101.616
101.668
101.668
101.718
101.718
101.767
101.767
101.816
101.816
101.864
101.864
101.912
101.912
101.959
101.959
102.004
102.004
102.048
102.048
102.092
102.092
102.135
102.135
102.178
102.178
102.219
102.219
102.26
102.26
102.299
102.299
102.338
102.338
102.376
102.376
102.413
102.413
102.449
102.449
102.485
102.485
102.519
102.519
102.553
102.553
102.586
102.586
102.618
102.618
102.649
102.649
102.679
102.679
102.709
102.709
102.738
102.738
102.766
102.766
102.792
102.792
102.817
102.817
102.842
102.842
102.866
102.866
102.89
102.89
102.912
102.912
102.933
102.933
102.954
102.954
102.973
102.973
102.993
102.993
103.011
103.011
103.027
103.027
103.043
103.043
103.058
103.058
103.073
103.073
103.087
103.087
103.099
103.099
103.11
103.11
103.121
103.121
103.131
103.131
103.139
103.139
103.147
103.147
103.154
103.154
103.16
103.16
103.165
103.165
103.17
103.17
103.173
103.173
103.176
103.176
103.177
103.177
103.178
103.178
103.177
103.177
103.176
103.176
103.174
103.174
103.17
103.17
103.166
103.166
103.161
103.161
103.155
103.155
103.148
103.148
103.14
103.14
103.131
103.131
103.122
103.122
103.111
103.111
103.099
103.099
103.087
103.087
103.073
103.073
103.059
103.059
103.043
103.043
103.027
103.027
103.01
103.01
102.991
102.991
102.972
102.972
102.952
102.952
102.931
102.931
102.909
102.909
102.885
102.885
102.861
102.861
102.836
102.836
102.81
102.81
102.783
102.783
102.755
102.755
102.726
102.726
102.696
102.696
102.665
102.665
102.633
102.633
102.6
102.6
102.566
102.566
102.531
102.531
102.495
102.495
102.459
102.459
102.421
102.421
102.382
102.382
102.342
102.342
102.301
102.301
102.259
102.259
102.216
102.216
102.172
102.172
102.127
102.127
102.082
102.082
102.035
102.035
101.986
101.986
101.937
101.937
101.888
101.888
101.837
101.837
101.784
101.784
101.731
101.731
101.677
101.677
101.622
101.622
101.566
101.566
101.508
101.508
101.45
101.45
101.391
101.391
101.331
101.331
101.269
101.269
101.207
101.207
101.144
101.144
101.079
101.079
101.013
101.013
100.946
100.946
100.879
100.879
100.811
100.811
100.741
100.741
100.669
100.669
100.597
100.597
100.525
100.525
100.451
100.451
100.376
100.376
100.3
100.3
100.223
100.223
100.145
100.145
100.065
100.065
99.9836
99.9836
99.9029
99.9029
99.822
99.822
99.7384
99.7384
99.6523
99.6523
99.5658
99.5658
99.4796
99.4796
99.3924
99.3924
99.3032
99.3032
99.2122
99.2122
99.1206
99.1206
99.0286
99.0286
98.9357
98.9357
98.8412
98.8412
98.745
98.745
98.6482
98.6482
98.5508
98.5508
98.4517
98.4517
98.3506
98.3506
98.249
98.249
98.1473
98.1473
98.0437
98.0437
97.9382
97.9382
97.833
97.833
97.7275
97.7275
97.6197
97.6197
97.5097
97.5097
97.3994
97.3994
97.2889
97.2889
97.1765
97.1765
97.0624
97.0624
96.9473
96.9473
96.8321
96.8321
96.7161
96.7161
96.5975
96.5975
96.4772
96.4772
96.3573
96.3573
96.2368
96.2368
96.1142
96.1142
95.9903
95.9903
95.8664
95.8664
95.7423
95.7423
95.616
95.616
95.4879
95.4879
95.3593
95.3593
95.2307
95.2307
95.101
95.101
94.9695
94.9695
94.8376
94.8376
94.7058
94.7058
94.5723
94.5723
94.4368
94.4368
94.3005
94.3005
94.1635
94.1635
94.0252
94.0252
93.8868
93.8868
93.7476
93.7476
93.6057
93.6057
93.4627
93.4627
93.3204
93.3204
93.1771
93.1771
93.0325
93.0325
92.8877
92.8877
92.7412
92.7412
92.5926
92.5926
92.4433
92.4433
92.2934
92.2934
92.1419
92.1419
91.9893
91.9893
91.8374
91.8374
91.6855
91.6855
91.5307
91.5307
91.3734
91.3734
91.2165
91.2165
91.0601
91.0601
90.9015
90.9015
90.7405
90.7405
90.5796
90.5796
90.419
90.419
90.257
90.257
90.0929
90.0929
89.9275
89.9275
89.7629
89.7629
89.5983
89.5983
89.4306
89.4306
89.2608
89.2608
89.0914
89.0914
88.9221
88.9221
88.7512
88.7512
88.5787
88.5787
88.4055
88.4055
88.2321
88.2321
88.0573
88.0573
87.8801
87.8801
87.7018
87.7018
87.5238
87.5238
87.3444
87.3444
87.164
87.164
86.9837
86.9837
86.8025
86.8025
86.6202
86.6202
86.4348
86.4348
86.2475
86.2475
86.0616
86.0616
85.8767
85.8767
85.6898
85.6898
85.5001
85.5001
85.3098
85.3098
85.1194
85.1194
84.9276
84.9276
84.7328
84.7328
84.538
84.538
84.3449
84.3449
84.1503
84.1503
83.9512
83.9512
83.75
83.75
83.5524
83.5524
83.356
83.356
83.1546
83.1546
82.9493
82.9493
82.7442
82.7442
82.5421
82.5421
82.3403
82.3403
82.1336
82.1336
81.9233
81.9233
81.7151
81.7151
81.508
81.508
81.2973
81.2973
81.0836
81.0836
80.87
80.87
80.6586
80.6586
80.4455
80.4455
80.2278
80.2278
80.0104
80.0104
79.7949
79.7949
79.5778
79.5778
79.3569
79.3569
79.1334
79.1334
78.9104
78.9104
78.688
78.688
78.4638
78.4638
78.2374
78.2374
78.0097
78.0097
77.7827
77.7827
77.5548
77.5548
77.3225
77.3225
77.0859
77.0859
76.8446
76.8446
76.5931
76.5931
76.3185
76.3185
76.0107
76.0107
75.6702
75.6702
75.3018
75.3018
74.9139
74.9139
74.5198
74.5198
74.1332
74.1332
73.7616
73.7616
73.4071
73.4071
73.0751
73.0751
72.7689
72.7689
72.4796
72.4796
72.1988
72.1988
71.9295
71.9295
71.6724
71.6724
71.4187
71.4187
71.1618
71.1618
70.9044
70.9044
70.6504
70.6504
70.3959
70.3959
70.1346
70.1346
69.8741
69.8741
69.6205
69.6205
69.3608
69.3608
69.0908
69.0908
68.8267
68.8267
68.5714
68.5714
68.3067
68.3067
68.0327
68.0327
67.7668
67.7668
67.5046
67.5046
67.2311
67.2311
66.9539
66.9539
66.6862
66.6862
66.4171
66.4171
66.1365
66.1365
65.8566
65.8566
65.5858
65.5858
65.3109
65.3109
65.0241
65.0241
64.7412
64.7412
64.4705
64.4705
64.1887
64.1887
63.8907
63.8907
63.6034
63.6034
63.3279
63.3279
63.0378
63.0378
62.7363
62.7363
62.4502
62.4502
62.1697
62.1697
61.8676
61.8676
61.5592
61.5592
61.2712
61.2712
60.9828
60.9828
60.6711
60.6711
60.3633
60.3633
60.0751
60.0751
59.7733
59.7733
59.4507
59.4507
59.1444
59.1444
58.8516
58.8516
58.5332
58.5332
58.2047
58.2047
57.904
57.904
57.602
57.602
57.2612
57.2612
56.9279
56.9279
56.6336
56.6336
56.3125
56.3125
55.9518
55.9518
55.6335
55.6335
55.3419
55.3419
54.9855
54.9855
54.6157
54.6157
54.3254
54.3254
54.0193
54.0193
53.6176
53.6176
53.2654
53.2654
53.008
53.008
52.6512
52.6512
52.2178
52.2178
51.9328
51.9328
51.673
51.673
51.22
51.22
50.821
50.821
50.6375
50.6375
50.2853
50.2853
49.7334
49.7334
49.4851
49.4851
49.352
49.352
48.7767
48.7767
48.2545
48.2545
48.2716
48.2716
47.9652
47.9652
47.1203
47.1203
46.9538
46.9538
47.1471
47.1471
46.2784
46.2784
45.4778
45.4778
46.0316
46.0316
45.789
45.789
44.1867
44.1867
44.3605
44.3605
45.3624
45.3624
43.5592
43.5592
42.2153
42.2153
44.3613
44.3613
43.8821
43.8821
40.2514
40.2514
42.0149
42.0149
44.7955
44.7955
39.7025
39.7025
37.9803
37.9803
44.9528
44.9528
41.8491
41.8491
33.1729
33.1729
42.0796
42.0796
46.9866
46.9866
30.5122
30.5122
33.5825
33.5825
53.2188
53.2188
34.8288
34.8288
18.2056
18.2056
55.6896
55.6896
50.6759
50.6759
-0.257751
-0.257751
45.4671
45.4671
78.1861
78.1861
-6.64096
-6.64096
2.24506
2.24506
114.528
114.528
43.1933
43.1933
-97.9017
-97.9017
57.7437
57.7437
186.53
186.53
34.2341
34.2341
-189.149
-189.149
-8.93236
-8.93236
332.422
332.422
212.285
212.285
-178.377
-178.377
-352.903
-352.903
-176.941
-176.941
184.582
184.582
286.374
286.374
150.43
150.43
-110.308
-110.308
-128.659
-128.659
126.542
126.542
172.985
172.985
-8.55981
-8.55981
-135.158
-135.158
78.5507
78.5507
212.818
212.818
56.1036
56.1036
-213.136
-213.136
-55.9987
-55.9987
352.437
352.437
266.16
266.16
-87.0196
-87.0196
-390.757
-390.757
-234.12
-234.12
147.604
147.604
363.894
363.894
271.513
271.513
29.5142
29.5142
-270.943
-270.943
-98.7063
-98.7063
362.464
362.464
336.62
336.62
76.908
76.908
-340.76
-340.76
-265.21
-265.21
83.6243
83.6243
387.715
387.715
278.976
278.976
-33.6126
-33.6126
-365.031
-365.031
-192.936
-192.936
245.159
245.159
373.865
373.865
263.605
263.605
30.183
30.183
-250.907
-250.907
-80.8428
-80.8428
360.408
360.408
303.354
303.354
-5.73802
-5.73802
-413.729
-413.729
-232.005
-232.005
244.612
244.612
448.1
448.1
382.963
382.963
201.081
201.081
-109.652
-109.652
-241.839
-241.839
-36.1454
-36.1454
291.373
291.373
173.111
173.111
-229.837
-229.837
-331.711
-331.711
-137.941
-137.941
217.341
217.341
242.399
242.399
41.0627
41.0627
-240.01
-240.01
-62.5538
-62.5538
389.166
389.166
297.06
297.06
-74.3957
-74.3957
-462.752
-462.752
-340.552
-340.552
0.576721
0.576721
496.955
496.955
352.482
352.482
66.5808
66.5808
-308.196
-308.196
-533.536
-533.536
-565.38
-565.38
-471.502
-471.502
-276.478
-276.478
57.2189
57.2189
376.123
376.123
275.409
275.409
-10.8992
-10.8992
-300.751
-300.751
-261.701
-261.701
-22.2684
-22.2684
264.797
264.797
172.709
172.709
-149.613
-149.613
-243.109
-243.109
-47.7419
-47.7419
230.443
230.443
151.548
151.548
-154.364
-154.364
-208.519
-208.519
12.9501
12.9501
219.464
219.464
77.1351
77.1351
-262.741
-262.741
-183.435
-183.435
162.088
162.088
269.35
269.35
117.835
117.835
-181.393
-181.393
-160.733
-160.733
112.434
112.434
183.933
183.933
-0.423637
-0.423637
-197.071
-197.071
-9.32655
-9.32655
292.661
292.661
147.906
147.906
-289.822
-289.822
-345.648
-345.648
-126.951
-126.951
246.595
246.595
247.828
247.828
15.1519
15.1519
-288.035
-288.035
-103.689
-103.689
366.788
366.788
337.924
337.924
68.0952
68.0952
-383.438
-383.438
-311.682
-311.682
21.0204
21.0204
428.547
428.547
286.829
286.829
-144.966
-144.966
-523.365
-523.365
-434.755
-434.755
-168.773
-168.773
284.199
284.199
366.423
366.423
219.672
219.672
-66.6352
-66.6352
-269.741
-269.741
-81.2405
-81.2405
296.55
296.55
223.455
223.455
-115.516
-115.516
-347.106
-347.106
-189.358
-189.358
158.193
158.193
262.583
262.583
106.659
106.659
-206.244
-206.244
-175.487
-175.487
104.596
104.596
191.301
191.301
7.55866
7.55866
-235.062
-235.062
-34.9875
-34.9875
368.501
368.501
223.156
223.156
-250.399
-250.399
-476.468
-476.468
-375.92
-375.92
-135.539
-135.539
252.684
252.684
266.927
266.927
46.459
46.459
-312.553
-312.553
-161.872
-161.872
282.249
282.249
343.189
343.189
173.718
173.718
-152.306
-152.306
-258.028
-258.028
-72.1963
-72.1963
222.406
222.406
122.043
122.043
-253.29
-253.29
-268.985
-268.985
-25.1174
-25.1174
272.022
272.022
105.094
105.094
-404.144
-404.144
-386.458
-386.458
-102.563
-102.563
371.778
371.778
340.156
340.156
65.3488
65.3488
-417.375
-417.375
-345.267
-345.267
-13.7717
-13.7717
468.248
468.248
299.394
299.394
-161.755
-161.755
-635.912
-635.912
-631.766
-631.766
-466.199
-466.199
-194.731
-194.731
261.352
261.352
387.418
387.418
269.295
269.295
14.6105
14.6105
-322.165
-322.165
-181.634
-181.634
211.558
211.558
301.999
301.999
144.139
144.139
-176.542
-176.542
-230.803
-230.803
-27.606
-27.606
199.502
199.502
26.7688
26.7688
-404.863
-404.863
-205.134
-205.134
330.631
330.631
470.288
470.288
377.352
377.352
168.033
168.033
-211.67
-211.67
-312.135
-312.135
-138.438
-138.438
157.231
157.231
157.384
157.384
-84.2276
-84.2276
-212.979
-212.979
-45.0801
-45.0801
194.515
194.515
57.2245
57.2245
-347.488
-347.488
-228.48
-228.48
175.692
175.692
350.368
350.368
235.926
235.926
-41.4663
-41.4663
-326.936
-326.936
-136.049
-136.049
293.675
293.675
304.624
304.624
82.5103
82.5103
-336.752
-336.752
-270.662
-270.662
56.8557
56.8557
327.389
327.389
169.326
169.326
-263.929
-263.929
-387.841
-387.841
-238.084
-238.084
37.4098
37.4098
210.596
210.596
14.9856
14.9856
-382.876
-382.876
-192.66
-192.66
310.681
310.681
422.766
422.766
303.891
303.891
53.2101
53.2101
-357.444
-357.444
-272.117
-272.117
59.9388
59.9388
335.509
335.509
183.192
183.192
-237.865
-237.865
-395.182
-395.182
-268.519
-268.519
-15.0957
-15.0957
233.083
233.083
48.8409
48.8409
-464.938
-464.938
-328.141
-328.141
103.166
103.166
522.696
522.696
437.999
437.999
161.287
161.287
-307.285
-307.285
-473.831
-473.831
-377.362
-377.362
-168.036
-168.036
154.929
154.929
207.735
207.735
8.05317
8.05317
-298.768
-298.768
-115.125
-115.125
344.938
344.938
326.794
326.794
70.1987
70.1987
-424.333
-424.333
-345.675
-345.675
-5.65063
-5.65063
454.4
454.4
276.429
276.429
-204.448
-204.448
-642.768
-642.768
-634.847
-634.847
-480.418
-480.418
-230.446
-230.446
171.249
171.249
356.384
356.384
244.427
244.427
-34.0228
-34.0228
-351.975
-351.975
-206.202
-206.202
159.135
159.135
284.37
284.37
132.372
132.372
-208.224
-208.224
-262.874
-262.874
-74.7635
-74.7635
178.286
178.286
61.8712
61.8712
-331.034
-331.034
-245.307
-245.307
97.8822
97.8822
303.277
303.277
159.499
159.499
-209.667
-209.667
-326.441
-326.441
-178.729
-178.729
80.106
80.106
126.149
126.149
-102.09
-102.09
-212.07
-212.07
-61.8202
-61.8202
140.882
140.882
-4.97635
-4.97635
-326.002
-326.002
-147.865
-147.865
290.921
290.921
320.64
320.64
120.734
120.734
-277.84
-277.84
-312.348
-312.348
-107.308
-107.308
190.634
190.634
133.015
133.015
-186.661
-186.661
-268.59
-268.59
-106.092
-106.092
133.41
133.41
57.9217
57.9217
-266.54
-266.54
-191.086
-191.086
119.15
119.15
206.584
206.584
16.4975
16.4975
-327.668
-327.668
-174.459
-174.459
240.973
240.973
311.933
311.933
145.876
145.876
-201.175
-201.175
-294.389
-294.389
-137.156
-137.156
109.905
109.905
80.0458
80.0458
-201.257
-201.257
-190.138
-190.138
32.6427
32.6427
106.949
106.949
-123.365
-123.365
-222.673
-222.673
-74.8565
-74.8565
120.678
120.678
-13.6633
-13.6633
-298.382
-298.382
-143.848
-143.848
228.858
228.858
241.99
241.99
15.7813
15.7813
-375.532
-375.532
-226.367
-226.367
186.143
186.143
353.692
353.692
243.03
243.03
-30.3201
-30.3201
-391.961
-391.961
-233.562
-233.562
158.362
158.362
339.458
339.458
224.585
224.585
-66.2328
-66.2328
-373.075
-373.075
-240.925
-240.925
82.0927
82.0927
263.374
263.374
102.799
102.799
-309.273
-309.273
-329.454
-329.454
-117.171
-117.171
187.223
187.223
144.569
144.569
-156.709
-156.709
-281.911
-281.911
-151.367
-151.367
71.6393
71.6393
51.8264
51.8264
-219.057
-219.057
-165.33
-165.33
91.6421
91.6421
118.875
118.875
-124.613
-124.613
-230.303
-230.303
-94.8066
-94.8066
97.2657
97.2657
-14.2544
-14.2544
-268.608
-268.608
-137.574
-137.574
178.139
178.139
171.416
171.416
-85.0047
-85.0047
-296.892
-296.892
-178.18
-178.18
80.372
80.372
117.489
117.489
-122.155
-122.155
-235.37
-235.37
-107.693
-107.693
85.3439
85.3439
-8.1698
-8.1698
-255.017
-255.017
-135.956
-135.956
160.96
160.96
147.951
147.951
-118.181
-118.181
-274.705
-274.705
-158.711
-158.711
59.501
59.501
46.331
46.331
-219.762
-219.762
-171.464
-171.464
71.4534
71.4534
102.161
102.161
-145.387
-145.387
-226.6
-226.6
-88.5241
-88.5241
83.6091
83.6091
-44.9134
-44.9134
-249.623
-249.623
-133.249
-133.249
116.543
116.543
84.0522
84.0522
-207.304
-207.304
-227.679
-227.679
-43.7355
-43.7355
114.958
114.958
-57.8956
-57.8956
-295.768
-295.768
-180.27
-180.27
87.7334
87.7334
133.696
133.696
-95.3081
-95.3081
-263.164
-263.164
-156.186
-156.186
55.9573
55.9573
41.1996
41.1996
-219.246
-219.246
-178.777
-178.777
47.7027
47.7027
90.2685
90.2685
-153.215
-153.215
-226.493
-226.493
-89.8178
-89.8178
74.0338
74.0338
-56.1954
-56.1954
-239.638
-239.638
-132.075
-132.075
87.3106
87.3106
41.7532
41.7532
-239.374
-239.374
-197.665
-197.665
33.3372
33.3372
113.067
113.067
-109.98
-109.98
-261.731
-261.731
-157.553
-157.553
38.0569
38.0569
25.3827
25.3827
-214.21
-214.21
-171.368
-171.368
42.227
42.227
71.2083
71.2083
-178.503
-178.503
-213.896
-213.896
-56.14
-56.14
79.513
79.513
-90.8085
-90.8085
-245.091
-245.091
-139.665
-139.665
53.297
53.297
10.7925
10.7925
-229.363
-229.363
-166.113
-166.113
60.6484
60.6484
79.8058
79.8058
-173.313
-173.313
-223.301
-223.301
-79.6414
-79.6414
70.061
70.061
-73.5974
-73.5974
-236.752
-236.752
-138.036
-138.036
52.8173
52.8173
10.4948
10.4948
-228.541
-228.541
-170.997
-170.997
47.2475
47.2475
76.2623
76.2623
-170.435
-170.435
-223.588
-223.588
-84.7357
-84.7357
63.9116
63.9116
-73.7139
-73.7139
-231.138
-231.138
-136.326
-136.326
45.0354
45.0354
1.77119
1.77119
-223.869
-223.869
-166.758
-166.758
40.7713
40.7713
62.634
62.634
-183.294
-183.294
-215.282
-215.282
-64.5711
-64.5711
68.7825
68.7825
-90.705
-90.705
-235.477
-235.477
-139.608
-139.608
33.1649
33.1649
-2.99485
-2.99485
-213.768
-213.768
-165.537
-165.537
23.2423
23.2423
45.1295
45.1295
-184.399
-184.399
-205.055
-205.055
-55.0854
-55.0854
59.8102
59.8102
-106.225
-106.225
-225.141
-225.141
-129.268
-129.268
23.9716
23.9716
-27.2608
-27.2608
-199.951
-199.951
-152.36
-152.36
4.16679
4.16679
3.99112
3.99112
-191.755
-191.755
-173.66
-173.66
-15.4748
-15.4748
34.3172
34.3172
-162.101
-162.101
-202.408
-202.408
-76.9573
-76.9573
36.7209
36.7209
-93.8256
-93.8256
-206.001
-206.001
-123.95
-123.95
9.32431
9.32431
-42.9938
-42.9938
-185.496
-185.496
-143.948
-143.948
-16.0436
-16.0436
-17.7738
-17.7738
-169.599
-169.599
-161.971
-161.971
-41.9768
-41.9768
0.763126
0.763126
-148.188
-148.188
-175.601
-175.601
-68.2735
-68.2735
6.29719
6.29719
-117.05
-117.05
-179.596
-179.596
-97.0663
-97.0663
-6.31699
-6.31699
-86.7423
-86.7423
-171.798
-171.798
-117.007
-117.007
-26.2829
-26.2829
-61.9641
-61.9641
-156.599
-156.599
-134.772
-134.772
-53.1521
-53.1521
-46.0274
-46.0274
-133.561
-133.561
-145.396
-145.396
-80.5784
-80.5784
-45.2252
-45.2252
-107.597
-107.597
-144.665
-144.665
-102.959
-102.959
-56.4379
-56.4379
-87.2019
-87.2019
-135.319
-135.319
-118.152
-118.152
-73.3113
-73.3113
-75.5155
-75.5155
-119.574
-119.574
-124.981
-124.981
-90.9927
-90.9927
-75.1047
-75.1047
-103.932
-103.932
-123.43
-123.43
-104.399
-104.399
-81.7926
-81.7926
-93.4307
-93.4307
-116.625
-116.625
-111.92
-111.92
-91.2162
-91.2162
-89.3307
-89.3307
-107.85
-107.85
-113.715
-113.715
-99.9147
-99.9147
-90.7332
-90.7332
-100.792
-100.792
-111.39
-111.39
-105.613
-105.613
-94.9407
-94.9407
-97.0798
-97.0798
-107.163
-107.163
-107.959
-107.959
-99.7143
-99.7143
-96.6469
-96.6469
-103.12
-103.12
-107.555
-107.555
-103.34
-103.34
-98.3377
-98.3377
-100.628
-100.628
-105.667
-105.667
-105.161
-105.161
-100.77
-100.77
-99.9375
-99.9375
-103.547
-103.547
-105.337
-105.337
-102.837
-102.837
-100.583
-100.583
-102.1
-102.1
-104.522
-104.522
-103.988
-103.988
-101.797
-101.797
-101.607
-101.607
-103.456
-103.456
-104.211
-104.211
-102.904
-102.904
-101.873
-101.873
-102.686
-102.686
-103.841
-103.841
-103.538
-103.538
-102.481
-102.481
-102.414
-102.414
-103.305
-103.305
-103.665
-103.665
-103.043
-103.043
-102.544
-102.544
-102.914
-102.914
-103.466
-103.466
-103.345
-103.345
-102.844
-102.844
-102.78
-102.78
-103.181
-103.181
-103.374
-103.374
-103.102
-103.102
-102.844
-102.844
-102.979
-102.979
-103.237
-103.237
-103.208
-103.208
-102.974
-102.974
-102.906
-102.906
-103.067
-103.067
-103.169
-103.169
-103.059
-103.059
-102.919
-102.919
-102.944
-102.944
-103.052
-103.052
-103.053
-103.053
-102.943
-102.943
-102.88
-102.88
-102.926
-102.926
-102.97
-102.97
-102.925
-102.925
-102.844
-102.844
-102.823
-102.823
-102.853
-102.853
-102.851
-102.851
-102.794
-102.794
-102.741
-102.741
-102.733
-102.733
-102.739
-102.739
-102.711
-102.711
-102.658
-102.658
-102.621
-102.621
-102.61
-102.61
-102.594
-102.594
-102.554
-102.554
-102.507
-102.507
-102.476
-102.476
-102.455
-102.455
-102.425
-102.425
-102.38
-102.38
-102.337
-102.337
-102.305
-102.305
-102.275
-102.275
-102.235
-102.235
-102.189
-102.189
-102.146
-102.146
-102.109
-102.109
-102.07
-102.07
-102.025
-102.025
-101.977
-101.977
-101.931
-101.931
-101.888
-101.888
-101.842
-101.842
-101.793
-101.793
-101.742
-101.742
-101.694
-101.694
-101.646
-101.646
-101.595
-101.595
-101.541
-101.541
-101.487
-101.487
-101.434
-101.434
-101.381
-101.381
-101.325
-101.325
-101.268
-101.268
-101.211
-101.211
-101.154
-101.154
-101.095
-101.095
-101.036
-101.036
-100.975
-100.975
-100.914
-100.914
-100.852
-100.852
-100.788
-100.788
-100.724
-100.724
-100.658
-100.658
-100.593
-100.593
-100.528
-100.528
-100.461
-100.461
-100.392
-100.392
-100.323
-100.323
-100.254
-100.254
-100.184
-100.184
-100.113
-100.113
-100.041
-100.041
-99.9681
-99.9681
-99.8942
-99.8942
-99.8199
-99.8199
-99.7449
-99.7449
-99.6693
-99.6693
-99.5925
-99.5925
-99.5142
-99.5142
-99.4349
-99.4349
-99.3556
-99.3556
-99.2755
-99.2755
-99.1943
-99.1943
-99.1131
-99.1131
-99.0309
-99.0309
-98.947
-98.947
-98.8617
-98.8617
-98.7769
-98.7769
-98.6923
-98.6923
-98.606
-98.606
-98.5179
-98.5179
-98.4294
-98.4294
-98.3413
-98.3413
-98.2525
-98.2525
-98.1618
-98.1618
-98.0699
-98.0699
-97.9783
-97.9783
-97.886
-97.886
-97.7925
-97.7925
-97.6985
-97.6985
-97.6034
-97.6034
-97.507
-97.507
-97.4099
-97.4099
-97.3123
-97.3123
-97.2137
-97.2137
-97.1149
-97.1149
-97.0162
-97.0162
-96.9166
-96.9166
-96.8143
-96.8143
-96.7106
-96.7106
-96.6074
-96.6074
-96.5049
-96.5049
-96.4023
-96.4023
-96.2975
-96.2975
-96.1909
-96.1909
-96.0838
-96.0838
-95.976
-95.976
-95.8671
-95.8671
-95.7582
-95.7582
-95.6493
-95.6493
-95.5393
-95.5393
-95.428
-95.428
-95.3161
-95.3161
-95.2036
-95.2036
-95.0906
-95.0906
-94.976
-94.976
-94.8598
-94.8598
-94.7438
-94.7438
-94.6286
-94.6286
-94.5124
-94.5124
-94.3942
-94.3942
-94.2753
-94.2753
-94.1563
-94.1563
-94.0371
-94.0371
-93.917
-93.917
-93.7955
-93.7955
-93.6729
-93.6729
-93.5498
-93.5498
-93.4263
-93.4263
-93.3019
-93.3019
-93.1766
-93.1766
-93.0511
-93.0511
-92.9254
-92.9254
-92.7987
-92.7987
-92.6708
-92.6708
-92.542
-92.542
-92.4123
-92.4123
-92.2812
-92.2812
-92.1491
-92.1491
-92.0168
-92.0168
-91.885
-91.885
-91.753
-91.753
-91.6194
-91.6194
-91.4841
-91.4841
-91.3484
-91.3484
-91.2123
-91.2123
-91.0762
-91.0762
-90.9394
-90.9394
-90.8006
-90.8006
-90.6606
-90.6606
-90.5207
-90.5207
-90.3803
-90.3803
-90.2388
-90.2388
-90.0963
-90.0963
-89.9531
-89.9531
-89.8098
-89.8098
-89.6652
-89.6652
-89.5195
-89.5195
-89.374
-89.374
-89.2284
-89.2284
-89.0816
-89.0816
-88.9324
-88.9324
-88.7818
-88.7818
-88.632
-88.632
-88.4824
-88.4824
-88.3311
-88.3311
-88.1774
-88.1774
-88.0223
-88.0223
-87.8668
-87.8668
-87.7116
-87.7116
-87.5564
-87.5564
-87.4002
-87.4002
-87.2423
-87.2423
-87.0828
-87.0828
-86.9223
-86.9223
-86.761
-86.761
-86.5995
-86.5995
-86.4376
-86.4376
-86.2739
-86.2739
-86.109
-86.109
-85.9427
-85.9427
-85.7759
-85.7759
-85.609
-85.609
-85.4405
-85.4405
-85.2698
-85.2698
-85.0979
-85.0979
-84.9266
-84.9266
-84.7559
-84.7559
-84.5815
-84.5815
-84.4042
-84.4042
-84.228
-84.228
-84.0517
-84.0517
-83.8733
-83.8733
-83.6936
-83.6936
-83.5141
-83.5141
-83.3345
-83.3345
-83.1523
-83.1523
-82.9663
-82.9663
-82.7791
-82.7791
-82.5934
-82.5934
-82.407
-82.407
-82.2178
-82.2178
-82.0273
-82.0273
-81.8363
-81.8363
-81.6455
-81.6455
-81.4545
-81.4545
-81.2601
-81.2601
-81.0628
-81.0628
-80.8645
-80.8645
-80.6662
-80.6662
-80.4692
-80.4692
-80.2725
-80.2725
-80.0724
-80.0724
-79.8677
-79.8677
-79.6617
-79.6617
-79.4564
-79.4564
-79.2497
-79.2497
-79.042
-79.042
-78.835
-78.835
-78.6274
-78.6274
-78.418
-78.418
-78.2065
-78.2065
-77.992
-77.992
-77.777
-77.777
-77.5642
-77.5642
-77.3516
-77.3516
-77.1353
-77.1353
-76.9164
-76.9164
-76.6981
-76.6981
-76.4796
-76.4796
-76.2593
-76.2593
-76.0373
-76.0373
-75.8148
-75.8148
-75.5912
-75.5912
-75.3675
-75.3675
-75.1448
-75.1448
-74.9203
-74.9203
-74.6941
-74.6941
-74.4682
-74.4682
-74.2417
-74.2417
-74.0143
-74.0143
-73.7854
-73.7854
-73.5559
-73.5559
-73.3263
-73.3263
-73.0961
-73.0961
-72.865
-72.865
-72.6326
-72.6326
-72.4008
-72.4008
-72.1708
-72.1708
-71.9391
-71.9391
-71.7044
-71.7044
-71.4712
-71.4712
-71.2381
-71.2381
-71.0024
-71.0024
-70.7666
-70.7666
-70.5303
-70.5303
-70.2938
-70.2938
-70.0592
-70.0592
-69.8253
-69.8253
-69.59
-69.59
-69.3526
-69.3526
-69.1141
-69.1141
-68.8758
-68.8758
-68.6386
-68.6386
-68.4024
-68.4024
-68.1661
-68.1661
-67.9277
-67.9277
-67.6874
-67.6874
-67.4476
-67.4476
-67.21
-67.21
-66.9718
-66.9718
-66.7302
-66.7302
-66.4892
-66.4892
-66.2502
-66.2502
-66.0104
-66.0104
-65.7684
-65.7684
-65.5254
-65.5254
-65.2839
-65.2839
-65.0439
-65.0439
-64.8031
-64.8031
-64.56
-64.56
-64.3159
-64.3159
-64.0732
-64.0732
-63.8324
-63.8324
-63.5912
-63.5912
-63.3485
-63.3485
-63.1027
-63.1027
-62.8547
-62.8547
-62.6089
-62.6089
-62.3678
-62.3678
-62.1268
-62.1268
-61.8822
-61.8822
-61.6343
-61.6343
-61.3852
-61.3852
-61.1372
-61.1372
-60.8898
-60.8898
-60.6425
-60.6425
-60.3944
-60.3944
-60.1452
-60.1452
-59.8957
-59.8957
-59.6472
-59.6472
-59.3979
-59.3979
-59.1466
-59.1466
-58.8937
-58.8937
-58.641
-58.641
-58.3901
-58.3901
-58.139
-58.139
-57.8855
-57.8855
-57.6307
-57.6307
-57.3755
-57.3755
-57.1205
-57.1205
-56.8669
-56.8669
-56.6131
-56.6131
-56.3567
-56.3567
-56.0972
-56.0972
-55.8382
-55.8382
-55.583
-55.583
-55.326
-55.326
-55.0642
-55.0642
-54.8039
-54.8039
-54.5448
-54.5448
-54.2829
-54.2829
-54.0185
-54.0185
-53.7555
-53.7555
-53.495
-53.495
-53.234
-53.234
-52.9691
-52.9691
-52.7017
-52.7017
-52.4357
-52.4357
-52.1702
-52.1702
-51.9035
-51.9035
-51.6365
-51.6365
-51.3698
-51.3698
-51.1028
-51.1028
-50.8357
-50.8357
-50.5743
-50.5743
-50.3369
-50.3369
-50.1674
-50.1674
-50.1149
-50.1149
-50.169
-50.169
-50.2567
-50.2567
-50.2905
-50.2905
-50.233
-50.233
-50.1038
-50.1038
-49.9284
-49.9284
-49.7135
-49.7135
-49.463
-49.463
-49.1965
-49.1965
-48.9315
-48.9315
-48.6702
-48.6702
-48.4025
-48.4025
-48.1286
-48.1286
-47.8576
-47.8576
-47.5882
-47.5882
-47.3158
-47.3158
-47.0429
-47.0429
-46.7719
-46.7719
-46.502
-46.502
-46.2306
-46.2306
-45.9576
-45.9576
-45.6871
-45.6871
-45.4209
-45.4209
-45.1551
-45.1551
-44.8874
-44.8874
-44.6196
-44.6196
-44.3529
-44.3529
-44.0877
-44.0877
-43.8197
-43.8197
-43.5469
-43.5469
-43.2718
-43.2718
-42.9964
-42.9964
-42.7219
-42.7219
-42.4479
-42.4479
-42.1727
-42.1727
-41.8972
-41.8972
-41.6199
-41.6199
-41.3382
-41.3382
-41.053
-41.053
-40.7673
-40.7673
-40.4822
-40.4822
-40.1958
-40.1958
-39.9095
-39.9095
-39.623
-39.623
-39.336
-39.336
-39.0481
-39.0481
-38.7596
-38.7596
-38.4708
-38.4708
-38.1828
-38.1828
-37.896
-37.896
-37.6084
-37.6084
-37.3186
-37.3186
-37.0284
-37.0284
-36.7411
-36.7411
-36.4548
-36.4548
-36.1657
-36.1657
-35.8765
-35.8765
-35.5899
-35.5899
-35.3006
-35.3006
-35.0078
-35.0078
-34.716
-34.716
-34.4264
-34.4264
-34.136
-34.136
-33.8424
-33.8424
-33.5488
-33.5488
-33.256
-33.256
-32.9604
-32.9604
-32.6616
-32.6616
-32.3624
-32.3624
-32.0664
-32.0664
-31.7714
-31.7714
-31.4718
-31.4718
-31.1719
-31.1719
-30.879
-30.879
-30.5888
-30.5888
-30.2946
-30.2946
-29.9987
-29.9987
-29.7109
-29.7109
-29.436
-29.436
-29.1688
-29.1688
-28.9066
-28.9066
-28.6576
-28.6576
-28.4251
-28.4251
-28.1969
-28.1969
-27.9613
-27.9613
-27.72
-27.72
-27.4793
-27.4793
-27.2327
-27.2327
-26.9775
-26.9775
-26.7172
-26.7172
-26.4534
-26.4534
-26.1875
-26.1875
-25.9196
-25.9196
-25.6463
-25.6463
-25.3698
-25.3698
-25.0955
-25.0955
-24.8212
-24.8212
-24.5438
-24.5438
-24.2647
-24.2647
-23.9858
-23.9858
-23.7065
-23.7065
-23.427
-23.427
-23.1496
-23.1496
-22.8724
-22.8724
-22.5917
-22.5917
-22.3103
-22.3103
-22.0313
-22.0313
-21.7525
-21.7525
-21.472
-21.472
-21.1906
-21.1906
-20.9061
-20.9061
-20.6208
-20.6208
-20.3383
-20.3383
-20.0588
-20.0588
-19.782
-19.782
-19.5088
-19.5088
-19.2413
-19.2413
-18.9793
-18.9793
-18.7218
-18.7218
-18.4657
-18.4657
-18.208
-18.208
-17.947
-17.947
-17.678
-17.678
-17.4041
-17.4041
-17.1293
-17.1293
-16.8509
-16.8509
-16.5682
-16.5682
-16.2829
-16.2829
-15.9954
-15.9954
-15.7039
-15.7039
-15.4118
-15.4118
-15.1178
-15.1178
-14.8229
-14.8229
-14.5291
-14.5291
-14.2318
-14.2318
-13.9246
-13.9246
-13.6091
-13.6091
-13.2927
-13.2927
-12.9763
-12.9763
-12.6572
-12.6572
-12.3327
-12.3327
-12.0029
-12.0029
-11.6723
-11.6723
-11.3434
-11.3434
-11.0132
-11.0132
-10.6792
-10.6792
-10.3407
-10.3407
-10.0022
-10.0022
-9.66373
-9.66373
-9.32118
-9.32118
-8.97307
-8.97307
-8.62204
-8.62204
-8.26909
-8.26909
-7.91242
-7.91242
-7.55257
-7.55257
-7.1907
-7.1907
-6.83048
-6.83048
-6.47323
-6.47323
-6.11266
-6.11266
-5.74746
-5.74746
-5.38545
-5.38545
-5.02478
-5.02478
-4.66174
-4.66174
-4.29679
-4.29679
-3.93083
-3.93083
-3.5687
-3.5687
