78697.9
77984.2
79211.5
78915.8
78266
81463.4
77092.1
81413.2
81583
72944.7
89310.1
85072.6
64012.8
86412
100048
70895.7
67220.1
108734
110474
35370.9
49741.6
81508.9
111729
126993
47684.6
54358.3
74750.4
113714
126755
67124.8
60066.7
77901.5
111991
115113
42351.2
57487.9
121270
139261
128621
748.282
40502.4
63250.5
127300
144099
105945
30744.1
56619
75857.8
121342
131373
51449.3
56155.6
76098.3
114712
129185
73477.6
62683.7
80036.5
112122
116451
47848.8
61476
134811
149368
112659
13609.6
46938.9
70306
157340
164935
38617.7
21342.1
60626.8
83253.4
135482
150533
105823
59744.1
75054.5
127041
139598
61646.7
42363.1
65449.5
111804
130291
117182
35999.9
59628.1
93408.1
116376
124866
27387.1
55730.4
134048
141652
172597
-132560
-64345.7
11728.5
-24598.2
-58638.6
-54604
-1237.56
66276.5
23667.5
820.558
41306
75315.9
96309.6
112168
32984.7
64062
162192
176296
41632.6
-26972.2
44933
96121.9
158499
160782
189503
244.189
63044.7
69044.3
72534.3
109338
144380
22026.3
57499.2
76239.5
90914.4
130616
106938
60888
79417.2
132669
145478
18858.1
41982.4
72829.6
144020
155948
143647
7851.79
58106.2
82636.7
122725
143189
134467
57942.7
78675.9
156572
169370
46612.3
17776.8
67005.5
91561.7
125848
146838
134334
75089.4
87516.8
120311
132942
77637
72168.9
98576.6
119467
124668
60014.5
74502.8
144717
157773
97059
47789.1
75707.9
108510
127054
139538
49246.7
69997.4
153933
160604
169676
-61817.5
23463.7
72226.4
166171
136143
224315
-214216
-88243.3
32672.9
2226.42
-57460.8
-89294.5
-46658
35246.5
92890.2
-63935.1
9411.87
22127
4965.15
33662.3
98101.2
69671.7
50205.6
73157.9
103553
126366
93801.8
79746.3
102134
119554
130379
75530.7
88203.7
122873
141357
107374
82505
99909.5
117879
126284
79229.5
87585.1
123343
138153
98829.8
80921.6
103129
120536
124974
73362.1
84705.3
119875
136083
108571
83297.7
105171
121655
120991
76307.7
89953.6
115581
127792
94409.4
88106.3
131466
141519
93225
72684.2
87997.9
113730
128747
103609
88912.3
128272
136458
93174.5
72155.8
87998
112460
126158
97771.2
88928.6
130188
137621
94696.2
75324.2
94059.6
116018
127035
89025.1
87355.4
131799
142902
108219
78773.9
94160.1
117013
127980
97196.4
91374.5
125984
135013
101504
83459.9
117858
133282
123385
75940
87926.9
117662
131652
112492
90560.1
123720
134481
111277
81040.1
104777
123028
124242
82874.7
91819.3
123291
135519
113500
92078.3
125758
136266
113978
81905.2
103470
122321
125493
87268.9
93498.6
124484
135502
113015
92609.8
126483
136671
115187
83269.7
104474
123121
126207
89778.4
95639.1
124273
134292
111846
94103.4
123399
133513
115895
88024.7
112152
127470
123810
88546.1
100332
122714
130386
105719
97268.6
121315
129725
112653
94968
117611
127850
116365
93490.3
115716
128164
121067
92802.6
107079
124096
126075
100550
102453
122364
127989
109424
100988
118438
125212
112701
100025
114259
123469
117516
102419
110325
121157
120184
106623
107474
118423
120781
111051
106576
115236
119931
114935
108045
112422
118435
117365
111106
111272
116791
118192
113950
111518
114959
117737
115940
112863
113973
116903
116947
114514
113914
116054
117140
115785
114439
115309
116707
116442
115227
115177
116297
116704
115968
115440
115967
116614
116419
115879
115935
116488
116657
116315
116111
116404
116707
116618
116391
116451
116715
116799
116657
116587
116721
116865
116841
116752
116781
116902
116963
116920
116899
116965
117040
117047
117023
117037
117095
117135
117133
117130
117161
117203
117222
117221
117236
117266
117294
117306
117313
117331
117356
117374
117383
117393
117411
117429
117441
117449
117460
117471
117485
117498
117509
117518
117531
117543
117553
117562
117571
117579
117582
117590
117598
117607
117614
117620
117625
117624
117625
117627
117629
117636
117641
117645
117647
117648
117646
117645
117646
117646
117646
117647
117645
117643
117642
117640
117636
117632
117627
117622
117617
117612
117607
117603
117597
117588
117576
117564
117552
117545
117533
117522
117513
117502
117495
117484
117477
117464
117450
117440
117429
117418
117406
117391
117377
117364
117352
117337
117323
117306
117290
117272
117255
117233
117210
117188
117167
117152
117138
117121
117105
117085
117065
117046
117025
117001
116978
116957
116935
116913
116887
116857
116826
116796
116769
116747
116725
116702
116678
116653
116627
116600
116573
116544
116515
116486
116452
116416
116379
116344
116318
116291
116264
116237
116207
116177
116146
116114
116082
116046
116004
115961
115919
115881
115841
115810
115780
115749
115716
115679
115644
115600
115556
115512
115466
115424
115387
115355
115322
115286
115248
115203
115156
115109
115062
115016
114970
114926
114888
114850
114810
114770
114723
114672
114623
114574
114524
114478
114429
114383
114334
114288
114239
114190
114141
114093
114043
113994
113944
113894
113844
113793
113743
113691
113637
113584
113530
113478
113427
113376
113322
113267
113212
113159
113104
113049
112994
112939
112885
112830
112775
112719
112663
112605
112545
112488
112430
112370
112310
112254
112197
112139
112080
112021
111961
111899
111837
111776
111717
111657
111595
111533
111470
111405
111343
111280
111216
111153
111089
111023
110957
110893
110828
110763
110697
110632
110568
110502
110436
110369
110302
110235
110165
110096
110029
109962
109895
109828
109759
109690
109618
109548
109476
109405
109335
109265
109195
109124
109052
108980
108908
108838
108766
108692
108617
108544
108471
108397
108322
108247
108173
108099
108025
107950
107875
107800
107725
107648
107572
107496
107418
107342
107263
107185
107108
107030
106953
106875
106796
106717
106637
106559
106480
106401
106320
106238
106157
106077
105996
105916
105837
105757
105676
105597
105514
105430
105346
105263
105179
105097
105015
104932
104848
104763
104677
104593
104511
104427
104341
104255
104170
104086
104001
103914
103826
103739
103653
103566
103481
103397
103310
103222
103133
103044
102956
102869
102782
102692
102604
102516
102425
102335
102247
102158
102069
101979
101888
101798
101708
101615
101524
101436
101346
101256
101164
101070
100977
100886
100795
100705
100615
100523
100430
100337
100244
100152
100057
99962.9
99868.1
99772.2
99678.1
99585
99491.5
99397.6
99301.6
99206.3
99111.4
99018.4
98924.8
98830.9
98734.5
98637.5
98540.5
98444
98348.7
98254.9
98161.7
98068.3
97971.6
97873.9
97775.6
97677.2
97580.6
97482.1
97384.1
97286.5
97189.4
97091
96993.5
96898.8
96815
96728.7
96635
96529.6
96419.9
96312.8
96207.4
96107
96008.6
95909.7
95811.7
95714.2
95616.8
95518.6
95419.9
95321
95221.7
95120.2
95034.7
94946.4
94852.7
94754.4
94642.6
94529.5
94420.2
94315.3
94213.3
94112.9
94013.2
93913.6
93813.6
93711.3
93610.4
93507.5
93405.2
93318.5
93228
93133.8
93034.2
92921.3
92805.1
92694.3
92587.6
92482.1
92380.8
92294
92204.5
92106.9
91993.9
91877.2
91766.5
91659.5
91553
91448.3
91345.3
91244.4
91139.9
91035.5
90929.7
90825.8
90722.9
90634.2
90539.4
90438.4
90324.3
90209.8
90095.1
89985.4
89878.1
89790.3
89696.3
89598.2
89483
89365.4
89248.6
89135.4
89026.3
88936.2
88841.7
88741.9
88625.8
88507.3
88391.6
88279.9
88171
88079.5
87982.1
87878.6
87759.4
87639.5
87523.8
87411.8
87300.6
87211.9
87115.7
87010.4
86888.3
86765.7
86648.2
86533.8
86423.7
86332.8
86231.8
86125.7
86001.1
85877.1
85759.6
85645.8
85551.3
85447.6
85339.1
85229.8
85116.8
85002
84888.5
84776.8
84664.7
84550.1
84431.4
84314.9
84198.1
84080.4
83946.2
83839.6
83721.5
83606.5
83474.7
83343
83213.6
83111.6
82996.4
82881.6
82762.3
82638.6
82513.2
82388
82265.4
82139.1
82014.1
81891
81769.2
81642.8
81515
81390.4
81263.1
81140.2
80994.6
80873.8
80739.2
80623.7
80474
80350.2
80207.3
80096.1
79967.9
79856
79716.3
79600.4
79455.6
79336.7
79191.9
79069.7
78931.7
78797.2
78655.2
78546.6
78442.6
78398.6
78399.7
78467.5
78586.6
78760.6
78983.3
79230.9
79497.8
79761.1
80007.7
80230.1
80419
80583.5
80725.9
80853.5
80954.5
81035.1
81083.2
81106.4
81093.8
81061.7
80999.4
80921.4
80825
80745.5
80625.6
80505.2
80384.6
80296.7
80206.9
80126
80052.8
79999.4
79948.5
79924.6
79900
79889.5
79878.1
79872.1
79865.3
79850.3
79840.4
79823.9
79809.3
79793.7
79777.4
79748.1
79712.8
79676.3
79643.4
79677.2
79819
80162.3
80820.4
81873
83595.5
85913
89153.2
93024.7
96903.3
101041
104721
108228
111217
113532
115666
117226
118664
119725
120798
121611
122321
122910
123527
124121
124796
125519
126187
126819
127341
127830
128229
128635
128974
129309
129554
129800
130046
130381
130777
131281
131819
132422
133001
133625
134237
134915
135610
136422
137212
138093
138949
139868
140715
141635
142401
143108
143610
144116
144585
144861
145167
145371
145619
145781
146025
146191
146404
146550
146678
146834
146949
147072
147180
147303
147401
147517
147571
147654
147726
147808
147854
147916
147970
148038
148104
148138
148184
148187
148204
148216
148244
148239
148263
148231
148230
148191
148156
148135
148038
148013
147952
147907
147813
147751
147647
147566
147507
147388
147279
147194
147124
147039
146948
146858
146769
146678
146591
146496
146397
146295
146196
146094
145996
145894
145790
145684
145574
145466
145350
145227
145107
144991
144894
144799
144694
144586
144473
144359
144242
144124
144005
143879
143748
143610
143474
143342
143217
143103
142990
142864
142734
142608
142477
142343
142211
142080
141954
141818
141683
141549
141411
141268
141123
140978
140835
140705
140573
140424
140276
140120
139970
139824
139672
139520
139368
139216
139064
138908
138734
138563
138396
138250
138096
137942
137785
137626
137469
137309
137156
136995
136829
136663
136499
136330
136162
135998
135817
135640
135482
135325
135168
135012
134843
134671
134507
134341
134174
134010
133850
133683
133524
133364
133203
133038
132871
132704
132542
132379
132213
132038
131875
131715
131552
131384
131219
131056
130896
130733
130566
130403
130242
130069
129907
129748
129584
129419
129254
129088
128923
128756
128591
128428
128263
128098
127933
127769
127602
127427
127269
127109
126948
126785
126622
126458
126297
126131
125960
125801
125643
125481
125318
125156
124996
124834
124673
124513
124353
124192
124031
123870
123709
123546
123379
123222
123068
122912
122753
122593
122436
122278
122121
121965
121808
121650
121496
121342
121185
121023
120870
120719
120569
120419
120267
120116
119968
119821
119674
119526
119377
119228
119080
118932
118786
118640
118494
118346
118197
118047
117898
117747
117588
117440
117293
117142
116989
116837
116685
116534
116381
116228
116074
115922
115772
115622
115472
115319
115172
115023
114870
114727
114584
114439
114296
114151
114005
113858
113711
113562
113415
113270
113126
112983
112840
112697
112553
112411
112268
112123
111978
111836
111694
111551
111409
111268
111128
110988
110850
110713
110576
110436
110295
110160
110027
109893
109761
109632
109502
109371
109239
109108
108977
108846
108715
108584
108451
108321
108191
108061
107930
107802
107673
107544
107413
107281
107147
107015
106881
106748
106614
106479
106348
106215
106082
105948
105814
105682
105550
105417
105283
105148
105013
104879
104747
104616
104486
104357
104227
104096
103966
103838
103711
103581
103452
103325
103195
103067
102941
102816
102694
102569
102444
102317
102194
102070
101948
101823
101701
101582
101461
101340
101219
101098
100980
100863
100745
100627
100510
100391
100274
100159
100040
99923.9
99807.3
99690.9
99575.3
99460.1
99345.3
99229.6
99116.5
99004.8
98893.8
98780.9
98669.9
98559.1
98448.4
98338.5
98227.5
98117.4
98009.6
97901.2
97790.8
97680.3
97570.8
97459.4
97349.2
97240
97132.6
97025.1
96918.1
96811
96704
96597.5
96491.1
96384.4
96277.7
96169.7
96062.2
95955.2
95848.7
95744.6
95640.8
95537.5
95436.5
95335.3
95231.6
95130.1
95026.7
94925.4
94824.9
94723.3
94624.7
94524.8
94424.7
94327.1
94227.9
94128.7
94029.8
93932.4
93836.2
93740.4
93644.1
93546.9
93449.9
93353.4
93257.7
93162.9
93068.6
92974.8
92881.3
92786.5
92693.6
92600.7
92508.2
92415.5
92322.8
92228.2
92133.8
92041.7
91949.6
91857.5
91763.9
91671.7
91580.9
91490.8
91401.2
91312.3
91227.4
91139.9
91052
90963.3
90877.1
90787.2
90698
90609.3
90521.6
90434.1
90346.6
90259.3
90173
90087.6
90002.8
89920.9
89835.1
89748.9
89662.4
89576.2
89490.6
89405.8
89321.9
89238.5
89155.6
89073.1
88991
88909.3
88828
88746.7
88665.5
88584.6
88504
88423.9
88344.3
88263.6
88183.2
88104
88022.8
87945.3
87868
87791.1
87715
87639
87563.5
87488.3
87413.1
87336.8
87257.8
87182.9
87108.9
87036.6
86962.4
86888.4
86817.2
86745
86672.8
86600.5
86527.7
86455.7
86384.7
86314.4
86243.5
86171.8
86100.1
86025.7
85955.9
85887.8
85818.1
85751.5
85683.4
85613
85542.5
85472
85400.6
85335
85271.3
85205.5
85141.8
85075.6
85008.9
84942.5
84877.5
84813.5
84749.9
84686.3
84622.7
84558.5
84494.1
84430.6
84365.4
84305.4
84247
84186.4
84128.7
84066.9
84006.8
83945.6
83885.8
83827.4
83770.4
83711.1
83655.1
83598
83539.6
83481.7
83425
83368.4
83310.9
83250
83192.8
83137
83082.1
83027.7
82973.1
82917.4
82860
82800
82744.2
82690.1
82636.8
82583.4
82530.3
82477.6
82424.6
82371
82316.4
82261.3
82207
82154
82102.5
82051.9
82000.8
81948.8
81895.7
81843.1
81791.9
81741.6
81691.9
81643.1
81595.5
81548.3
81501
81454
81407.6
81361.4
81314.5
81267.5
81222.2
81178.1
81134.1
81090.9
81047.8
81004.4
80960.1
80916
80872.6
80833.2
80793.2
80752
80707
80661.9
80617.7
80576.8
80535.5
80498.6
80458.6
80420.4
80378.2
80337.7
80301
80263.6
80223.7
80187.4
80151.1
80113.4
80072.9
80036
79999
79957.9
79919.8
79883.7
79846.9
79811.8
79775.8
79741.5
79708
79673.4
79635.9
79601.7
79568.6
79536.2
79504.2
79472.1
79438.7
79404.6
79372.1
79342
79311.2
79278.7
79246
79213.8
79180.8
79147.9
79117.4
79088
79058.7
79027
78998.8
78970
78937.5
78910.8
78886.1
78859.1
78831.7
78808.7
78787.7
78758.5
78726.5
78703.8
78683.5
78655
78626.5
78606.4
78582.6
78552.4
78530.9
78515.1
78487.8
78459.8
78446.5
78427.3
78392.3
78373.5
78368.3
78338
78304.3
78300
78287.4
78240.7
78220.5
78232.2
78198.5
78147.1
78161.9
78171.2
78101.3
78072.2
78126.8
78091.4
77993.7
78034.3
78095.9
77971.9
77903.9
78047.2
78022.9
77818.9
77896.3
78080.2
77851.8
77672.6
77995.3
78020
77568.9
77694
78180.4
77739.6
77283.9
77999.8
78180.1
77161.6
77361.1
78593.4
77785.1
76638.7
78207.9
78911.4
76418.6
76715.8
79647.8
77792
75042.2
78730.2
80533.1
74609.9
75494.6
82545
77473.9
71340
80255.9
84465.8
69321.1
71916.7
89648.4
78927.7
61988.1
76254.1
98290.4
69138.2
59977.8
80318.4
101812
63171.4
59250.8
83142.2
106644
63276
57726.5
80317.7
110210
73981
55815.9
74388.1
112353
86448.7
45168.1
63117.8
106262
112164
4310.77
38268.5
67696.9
118161
137601
8068.79
35065.8
69358.9
145682
161817
-8002.5
4476.88
58026.1
88919.8
138363
149573
-4706.83
38372.1
71105.8
136329
157615
29951.2
15002.4
61114.9
89670.7
135074
133606
-579.411
45649.5
73484.3
107163
132538
12052.8
37037.6
70799.5
141280
155604
-80815.2
-7211.76
60598.5
97484.4
107992
158353
-20576.5
15040.9
69132.1
111100
132823
135789
-26048.7
36349.4
68437.6
118335
141718
14891
25379.9
69999.6
116264
137932
92452.6
28682.3
62232.9
86683.5
115127
94896.9
51167.3
70698.1
112292
110581
-3925.22
40617
72860.8
103636
133881
-10657
35243.5
74183.5
145458
176992
87050.8
36317.7
84210.1
122313
169902
155155
67487.2
98806
179469
194920
-37271.1
35856.6
89151.6
180898
209887
202897
-47869.3
44441.2
105215
197427
224915
145533
21174.1
80081.8
120968
217528
219136
-99164
21094.9
70353.3
102203
115623
212258
-10892.8
9508
91663.7
139050
176780
204161
4066.31
72768.3
112490
147309
199863
93022.2
67590.9
110429
191759
209745
-54236.1
24377.8
93338.2
214210
225002
211377
-129031
-5239.8
95758.9
146841
198690
235198
122272
94085.7
127435
196669
203191
-76452.2
26499.5
56991.3
67281.1
97167.6
180382
96.4043
28275.2
93718.7
181742
207241
145729
91.9289
72249.1
119705
221760
235304
-83079.5
21104.9
98815.9
211714
202077
280215
-372160
-149558
17352.2
-66634.6
-109452
-85543.5
38738.2
110620
-158943
-10258
37012.7
32269.1
78807.5
164469
-110539
24209
56027.9
42040.4
94868.8
187370
-102326
30151.6
64926.7
56069.8
101900
194570
-83119.3
36588.4
76432.5
80263.5
125656
202131
-74889.8
51251.1
63835.4
43910.6
125759
179270
-56859.6
57059.3
83364.2
81547.6
177538
56283.8
32902
103702
173165
205157
108862
26501.2
102830
143408
173679
193520
55224.1
100986
238166
258834
-43248.9
-95861.3
47587.3
146261
221443
228347
284449
10042.3
94913.9
113190
125889
173845
201574
26548.7
88018.8
178262
193234
216582
-195752
-29502.9
92803.2
141435
142054
213018
194734
67487.9
111514
164066
191490
141159
46777
94670.7
133322
160823
164795
62354.1
95447.4
203222
220903
-79485.5
-1944.44
93909.2
160450
145770
241212
2390.88
36862.9
111252
192819
199158
240877
-129509
23273.3
66958.2
69360.8
62767.8
176506
108053
14218.7
80921.7
112493
147275
176122
86099.5
97598.8
140598
165780
172348
53478.4
93155.6
224915
243228
-83373.1
-65774.7
65745.6
136128
254683
237006
286132
-83114.1
60088.2
86982.5
79173.7
90018.5
185296
117569
48185
97186.6
138257
163216
161378
50593
91382.6
193252
211115
81252.3
-14175.2
69250.6
119202
245606
250311
124641
21706.3
95793.3
132604
210073
230182
138551
76766.9
115836
177962
197172
161436
45863.5
91253.4
120216
146685
171005
69046.8
89212.6
158387
176972
188805
-18827.7
63250.3
87550.7
108488
146305
178258
46308.1
86626.3
220266
216755
204608
-181406
-40107.9
83032.6
143130
229583
219517
287329
38627.3
96125.4
117978
138371
166509
208076
39690.5
83736.2
101525
119255
164010
154984
77304.3
97956.1
157601
176500
80379.5
70300.9
99309.4
169959
188825
121842
71681.9
102650
191363
205342
108032
34677.9
88383.8
114716
146809
174236
144839
104513
125065
145378
142731
89740
110237
138527
147271
87137.1
97915.8
163589
178794
101621
78298.5
100488
156644
174585
126021
84552.8
102731
150045
166557
112043
89356.8
109164
136205
151605
99314.8
98574.1
171651
182443
87766.8
63690.7
92818.8
188564
198689
148845
15431
70673.1
100513
182701
194236
185333
42998.8
88513.6
114074
132434
170854
125013
93532.9
109398
134348
149538
106038
99805
157481
169311
96093.8
75514.7
94696.5
140382
159804
138755
90517.6
106528
132406
145571
103904
100182
150179
161960
104807
83646.7
102289
129394
146738
111687
99242.8
151159
161870
101750
77354.1
93819
129476
148212
129557
95859.7
127930
143952
130559
84565.9
101868
126806
138514
99251.5
98068.9
140786
152707
112486
89354
118864
137988
140742
81008.8
91568.8
137160
154183
137608
90083.7
105686
128303
140045
103200
98914.1
135289
146492
111634
90846.2
126183
142158
133701
80690.8
93280.4
123613
139740
121018
96187.3
130028
142320
120868
85546
108283
127568
132869
88052.3
94926.3
130520
144617
122888
94806.8
124844
138853
128194
84923.7
101413
123162
133557
99569.2
96352.2
128177
139237
114549
92293
126425
139159
123979
83630.3
100603
121568
131545
98440.6
95301.9
125647
136671
115077
92227.9
123613
135949
122675
84900.2
103458
122583
129881
94704.3
95263.2
124612
135629
115459
93207.8
122468
134012
121021
86128.7
104783
122463
127646
93677
95771.2
122233
132589
113675
94276.4
118211
129058
118155
89734.8
109938
124270
123273
90987.6
98855.8
119285
127348
106222
96163.8
115835
124501
112115
93932.9
110640
121287
115850
94167.2
106066
118928
118704
96917.8
101063
115718
119380
101797
98028.6
112574
118337
106895
96984
108319
116096
111226
98716
104008
112997
113100
102410
101319
109833
112819
105953
100586
106112
110995
108529
102290
103691
108836
109406
104708
102975
106655
108884
106427
103323
104724
107468
107112
104388
103891
106032
106926
105264
103790
104701
106053
105590
104126
103980
105094
105410
104441
103715
104182
104798
104456
103680
103593
104111
104207
103675
103281
103462
103718
103506
103090
102993
103194
103206
102911
102666
102708
102793
102660
102410
102295
102334
102304
102130
101964
101922
101915
101817
101652
101542
101507
101454
101331
101201
101123
101070
100985
100866
100757
100679
100607
100506
100397
100302
100220
100130
100024
99925.1
99842.7
99760.1
99667.8
99566.7
99476
99393.7
99305.6
99208.1
99113.4
99025.5
98939.5
98848.1
98754.9
98663
98574
98481.9
98389.5
98289.5
98191.3
98095.1
97999.9
97904.3
97807.5
97714.1
97628.9
97543.2
97456.4
97367.7
97278.6
97190.3
97098.2
96998.2
96896.8
96797.6
96697.6
96598.8
96501.2
96405.1
96310.2
96223
96137.2
96050.6
95962.4
95872.2
95780.3
95679.9
95578.9
95477.3
95376.8
95277.5
95178.4
95082.6
94986.2
94892.4
94798.7
94703.6
94610.1
94516.1
94421.6
94325
94228.6
94132.4
94036.4
93940.7
93845.6
93750.9
93656.4
93562
93467.5
93373.1
93278.7
93184
93087.7
92993
92896.5
92801.8
92705.3
92610.8
92516.1
92419.8
92325.6
92230
92135
92040
91945.1
91850.5
91756.6
91662.9
91568.9
91474.4
91379.5
91284.5
91189.3
91094
90998.5
90901.6
90806.6
90710.3
90614.7
90521.2
90425.9
90330.9
90235.9
90141.7
90049.3
89955.3
89861.1
89766.7
89671.8
89578
89482.2
89386.6
89291.5
89196.8
89102
89006.8
88911.5
88816.3
88721.2
88626.7
88532.5
88436.9
88341.6
88247.7
88151.6
88055.2
87959.4
87863.9
87768.9
87674.4
87580.3
87486.2
87392
87297.5
87203
87107.2
87013.1
86918.7
86824
86729.7
86634.5
86539.9
86445.4
86350.6
86256.2
86162
86068.4
85974.7
85881.3
85787.7
85693.9
85600.6
85507.4
85414.1
85320.7
85226.7
85130.7
85036.7
84941.3
84847.6
84753.8
84658.6
84564
84470.3
84378.5
84284.7
84191.3
84098
84005.1
83911.8
83816.9
83721.9
83628.9
83536.2
83444
83352.3
83260
83166.2
83072.6
82979.6
82888.5
82795.7
82702.6
82609.7
82517.2
82425.2
82333.6
82242.2
82150.8
82059.1
81967.3
81874.1
81782.8
81690.3
81598.4
81508.3
81418
81326.2
81235.1
81146
81055.8
80965.8
80875.4
80784.8
80694.1
80603.7
80513.8
80424.3
80335
80244.2
80153.9
80063.8
79975.4
79886.6
79796.4
79706.7
79617.6
79528.8
79439.8
79350.6
79261.6
79172.8
79083.8
78994.9
78906.6
78818.8
78731.7
78643.3
78555.3
78468.9
78380.9
78293.3
78205.6
78118.2
78038.7
77959.9
77879.5
77796.9
77712.8
77621.6
77527.9
77434.3
77340.7
77250.9
77161.8
77074.7
76989
76904.3
76819.8
76735.2
76650.9
76566.6
76482.6
76406.6
76331.6
76255.2
76175.3
76087.4
75996.8
75907.4
75818.3
75731.7
75647.1
75563.8
75489.2
75415.7
75341
75264.5
75180.4
75093.6
75005.5
74920.3
74834.8
74751.1
74669
74588.1
74508.9
74428.6
74348.7
74277.1
74205.4
74133.5
74059.3
73975.9
73891.2
73806.6
73722.8
73640.3
73558.3
73487.9
73419
73347
73273.1
73191.6
73107.3
73021.9
72940
72860.4
72781.7
72705.9
72638.8
72571.1
72502.3
72431.7
72358.9
72277.8
72194.2
72111.5
72030.8
71952.4
71884.5
71818.5
71750.2
71680.5
71610.7
71538.1
71458.8
71378.7
71300.1
71223.8
71158.7
71094.9
71031.8
70966.6
70899.8
70832.3
70763.3
70694.6
70619.3
70543.2
70469.2
70397.8
70337.4
70277
70217.1
70154.6
70092.9
70030
69966.2
69901.6
69836
69771.1
69707.1
69643.7
69581.5
69519
69457.2
69397.7
69338.4
69277.9
69219
69159.8
69099.9
69042.7
68984.8
68927.1
68869.7
68812.9
68756.8
68700.7
68643.8
68587.8
68532.7
68477.8
68423.1
68368.6
68314.9
68261.9
68208.7
68157.4
68105.2
68055.3
68006.3
67956.3
67908.2
67860
67810.3
67761.3
67713.7
67667.4
67621.1
67575.2
67529.1
67485.2
67444
67403.4
67361.4
67319.6
67278.3
67237.9
67198.2
67158.7
67117.5
67078.6
67040.1
67003.1
66967.1
66931.7
66898.4
66863.5
66829.4
66796.6
66763.1
66732.8
66706
66679.8
66656.7
66623.7
66596.9
66573.9
66545.6
66517.4
66495.3
66473.8
66454.1
66418.6
66374.3
66366.7
66486.9
66795.8
67976.6
71876.9
81434.2
95232.6
109559
120555
126807
130789
132579
134143
134660
135031
135255
135586
135752
136020
136170
136304
136094
135873
135564
135317
135014
134768
134413
134107
133666
133308
132872
132561
132249
131983
131602
131282
130971
130741
130540
130338
130104
129949
129814
129756
129689
129607
129473
129315
129155
129012
128863
128705
128547
128372
128244
128084
128010
127990
128055
128210
128478
128861
129340
129883
130425
130982
131431
131873
132185
132475
132663
132853
132967
133118
133221
133355
133480
133600
133742
133854
133981
134088
134166
134310
134396
134499
134556
134655
134648
134728
134708
134668
134516
134449
134280
134157
133962
133823
133623
133478
133245
133098
132877
132692
132531
132205
131855
131395
130932
130443
130013
129616
129286
128992
128774
128613
128556
128593
128799
129153
129644
130237
130889
131496
132144
132663
133184
133563
133904
134162
134410
134606
134812
134982
135152
135262
135374
135462
135566
135623
135731
135759
135811
135824
135828
135804
135796
135786
135803
135835
135893
135973
136060
136143
136195
136237
136268
136232
136215
136112
136038
135903
135823
135649
135555
135420
135328
135188
135083
134912
134875
134715
134612
134445
134344
134161
134003
133853
133715
133592
133453
133334
133215
133105
132986
132873
132741
132624
132489
132361
132222
132087
131950
131828
131687
131542
131402
131269
131112
130962
130823
130687
130558
130412
130271
130135
130010
129889
129780
129667
129572
129469
129390
129300
129241
129168
129123
129057
129018
128961
128933
128880
128846
128802
128790
128766
128758
128749
128726
128727
128721
128732
128726
128736
128721
128721
128697
128702
128694
128713
128715
128744
128746
128769
128771
128789
128786
128805
128803
128815
128820
128847
128858
128878
128874
128897
128896
128921
128922
128950
128967
128995
128999
129011
129013
129008
128998
128966
128929
128867
128799
128707
128598
128480
128359
128201
128036
127873
127712
127534
127360
127161
126955
126758
126555
126352
126141
125928
125716
125508
125299
125084
124872
124658
124442
124232
124017
123801
123583
123371
123161
122950
122723
122502
122282
122088
121887
121687
121484
121278
121072
120871
120669
120464
120246
120032
119824
119620
119440
119254
119060
118868
118671
118474
118275
118080
117886
117688
117486
117287
117089
116895
116704
116510
116314
116122
115919
115730
115530
115344
115145
114962
114777
114591
114407
114221
114034
113845
113658
113475
113290
113105
112919
112730
112543
112356
112161
111966
111777
111601
111424
111246
111071
110892
110711
110530
110351
110171
109993
109816
109642
109464
109285
109107
108930
108746
108573
108401
108229
108054
107880
107706
107536
107366
107195
107024
106853
106680
106499
106318
106142
105979
105817
105652
105488
105321
105151
104985
104819
104653
104486
104322
104160
104000
103837
103673
103508
103338
103177
103019
102862
102706
102547
102391
102234
102075
101914
101754
101595
101440
101282
101125
100962
100807
100651
100497
100344
100188
100033
99880.5
99726.5
99568.5
99421.1
99273.5
99123.5
98970.8
98819.1
98668.5
98518
98367.8
98218.2
98069.5
97921.7
97773.8
97625.6
97477.9
97331.3
97184
97032.8
96888.4
96746.7
96606.3
96465.1
96322.7
96180.4
96039
95897.5
95755.2
95613
95471
95325.1
95184.4
95048.2
94912.5
94774.9
94639
94500.3
94361.7
94225.3
94087.1
93951.4
93814.3
93677.7
93541.3
93405.8
93272.8
93138.9
93005.3
92871
92736
92601.6
92462
92328.6
92193.5
92066.1
91940.3
91811.9
91684.7
91556.2
91425.9
91297.7
91167.6
91037.9
90908.6
90780.5
90653.9
90528
90401.8
90275.1
90148.8
90023.3
89897.3
89772.4
89649.6
89526.8
89403.9
89280.6
89157.2
89033.9
88911.2
88788.1
88667.3
88547.9
88430.6
88311.7
88192.7
88073.9
87955.4
87836.9
87718.1
87598.9
87480.2
87361.6
87242.2
87125.8
87009.9
86893
86776.8
86661.4
86546.8
86432.6
86319
86205.8
86092.9
85980.2
85867.4
85754.6
85641.9
85529.7
85418.1
85306.8
85195.9
85085.7
84976
84866.9
84758.7
84650.7
84543.3
84435.9
84327.6
84220.4
84115
84007.6
83899.8
83793.1
83687.3
83581.6
83476.1
83370.9
83265.9
83161.4
83057.3
82953.3
82849.2
82745.5
82641.1
82539.2
82436.9
82333.6
82232.4
82131.6
82031.1
81930.8
81832.8
81732.1
81632.6
81533.6
81432.5
81334.1
81236.3
81139.1
81041
80941.5
80844.5
80749.2
80653.7
80556.9
80461.4
80365.8
80270.4
80175.6
80081.3
79987.6
79892.8
79799.8
79705.8
79613.5
79519.9
79427.9
79336.3
79244
79153.8
79063.9
78974.4
78884.9
78793.9
78703.4
78612.9
78523.1
78435.2
78348
78260.9
78175.6
78090.6
78005.3
77919.7
77835
77748.2
77661.4
77575.2
77489.4
77404.2
77319.7
77235.5
77151.5
77067.8
76984.7
76901.2
76820
76738.1
76658.4
76580.2
76498.5
76418.2
76337.9
76256.6
76175.8
76095.3
76017.8
75937.5
75857.4
75778
75699.6
75621.9
75544.8
75469.1
75394.3
75319.9
75244.5
75168.5
75093.2
75018.7
74944.6
74870.9
74797.9
74724.8
74651.4
74577.6
74503.4
74429.8
74357
74285.1
74213.8
74143
74072.7
74002.9
73933.2
73863.4
73793.6
73724.3
73655.4
73586.3
73517.5
73449.3
73379.5
73313.1
73245.9
73178.8
73111.5
73044.2
72977.3
72911.4
72846.1
72780.8
72712.4
72647.3
72583.4
72520.5
72455.9
72394.6
72333.3
72269.4
72207.3
72144.8
72082.6
72021.4
71960.6
71898.3
71838.9
71779.5
71717.8
71659
71600
71541.7
71481.8
71422.3
71365.7
71309.3
71252.6
71195.6
71138.8
71080.4
71023.5
70969.7
70915.2
70859.6
70800.9
70745.8
70692.8
70637.5
70584.8
70528.8
70475.1
70418.7
70363.9
70312.8
70261.8
70209.4
70157.6
70108.3
70058.2
70007.6
69956.9
69906.4
69856.5
69807.4
69756.9
69707.6
69661
69613.6
69562.4
69513.7
69466.2
69418.7
69371.6
69324.5
69276.5
69231.9
69187.1
69140.4
69096.1
69051.4
69006.7
68962.5
68918.7
68875.2
68831.1
68786.4
68740.5
68699.2
68659
68618.2
68576.4
68535.2
68494.9
68455.3
68416.1
68377.1
68338.2
68299.2
68259.8
68220.6
68181.8
68143
68105.6
68071.1
68036.1
67998.7
67962.4
67926.4
67891
67857.3
67821.1
67787.5
67751.3
67718.1
67683.2
67651.1
67619.9
67588.4
67555.9
67521.5
67489.7
67458.4
67427
67395.7
67363.3
67334.3
67305.4
67276.1
67246.3
67216.4
67186.7
67157.8
67129.3
67102.4
67076.3
67050
67025.1
66997.8
66971.9
66945.4
66916.2
66889.8
66863.6
66838.2
66814.1
66791.2
66767
66743
66719
66696.8
66674.6
66652.3
66629.2
66606
66583.5
66562
66540.8
66519.6
66498.8
66478.7
66458.9
66438.7
66419
66400
66381.2
66361.4
66341.5
66322.9
66305.3
66288.1
66271.7
66254.5
66236.2
66221.8
66205.4
66189.3
66175.8
66161.9
66145.3
66128.6
66114.8
66101
66084
66066.1
66053.6
66050.8
66057.6
66067.2
66055.5
66017.5
65974.1
65955.1
65984.4
66062.2
66224.2
66577.8
67395.9
69010.3
71658.4
75333.3
79866
84807.4
89721.4
94206.3
98080
101180
103463
105110
106182
106812
107141
107281
107315
107297
107257
107210
107156
107102
107041
106971
106893
106802
106704
106601
106487
106366
106244
106121
105990
105854
105720
105587
105452
105319
105186
105052
104922
104799
104678
104557
104440
104332
104226
104122
104027
103943
103860
103781
103708
103647
103586
103525
103469
103417
103367
103327
103304
103292
103293
103319
103373
103433
103513
103617
103732
103847
103979
104136
104299
104461
104643
104837
105015
105208
105411
105606
105771
105960
106155
106307
106424
106581
106725
106803
106901
107055
107144
107179
107315
107451
107427
107438
107599
107618
107491
107601
107778
107605
107525
107865
107838
107461
107719
108088
107517
107324
108193
107893
106900
107834
108577
106781
106816
109251
107453
105237
108857
109676
104074
106774
112815
104412
102261
115279
108324
95623.6
112615
120359
87586.6
96118.1
139189
121024
65231.8
87497.9
159430
159239
-6303.11
48829.9
86278.2
146266
182374
122075
53491.2
86244
119570
154172
112821
77904.1
101523
151230
125967
56562.6
83339
154302
167050
-24006.4
36767.7
80207.6
162012
191382
163238
-1767.01
57495.1
99235.7
181607
199444
-21046.9
27383.2
88852.1
161087
186941
190467
-49878.6
40141.6
88776.2
175113
203670
105683
10031.6
68762.5
110454
189342
202414
-29106.1
35638.4
91327.5
205816
225098
135593
-48974.3
28417.6
96377.3
138829
197926
206031
16905.9
73653.3
106378
143310
183827
89624
64735.2
99308.5
170670
183160
-69282
17593.4
72787.8
140695
153423
217525
-228533
-47958.2
-25660.4
-138914
-256158
-321131
-289899
-182288
-92764.2
-228111
-109520
-22813.9
-14388.5
2167.41
87599.9
-46985.3
30606.9
76094.6
101763
154742
21558
69786.4
111547
143658
167077
31887.9
87760.6
135939
169160
122094
26301.8
91287.6
130876
158253
130360
70160.5
104583
153734
163258
-24902.8
54192.4
88937.8
106874
171241
46715.7
46762.8
100485
176267
204291
-73304.9
752.644
95962.9
170393
171491
237979
-182106
6511.6
68413.5
78700.6
56069.3
197033
38883.1
-21569
75053.3
122167
184503
209393
1103.37
62506.4
107475
159135
195588
145968
49323.3
102001
139188
164718
139107
69555.3
100584
166842
178011
-90641.1
21158.3
48868.8
44305.4
70528.7
159674
37841.7
31793.6
89702
164856
190779
41680.6
5075.22
86566.6
125489
163541
191102
59883.6
92270.2
128911
154734
187116
2330.88
72521.2
113522
115762
204339
-72881.3
-507.369
90526
158033
152024
238256
-243987
-25563.4
27567.9
-48770.1
-167145
-63119
98647.3
5829.77
-90556
15165.3
81353.2
148780
170594
95017.5
16370
91483.6
126035
151439
176962
50094.6
92675
215929
231642
21911.6
-111165
18869.1
124197
180063
208058
252133
161921
121925
141228
166514
174888
64369.5
88592.8
162693
183586
139182
-6779.33
62473.4
101986
192671
209291
39572.8
41853.4
102677
165435
179855
197255
-22311
65521.6
84278
97074.2
142800
159238
43284.1
83678.5
187687
206596
38926.2
-43943.5
52265.3
116670
207132
206623
227334
-21912.9
75204.9
90852.1
101128
141293
175528
29303.3
79117.3
177775
173565
221323
-277644
-84389.1
68612
96799.4
72385.3
108106
192274
133717
74834.5
104672
171696
190488
-28479.1
12904.2
84632.5
161339
150682
225241
-190024
-8150.77
16679.4
-60735.4
-153696
-73786.8
65613.2
59344
-82283.5
9360.28
62920
120507
139327
115908
11253.3
80791.7
110441
127547
166415
74445.6
97059.1
156027
172390
176662
-6379.93
73612.3
98623.8
115062
156463
142299
89555.9
107392
131713
146565
77269.3
90718.3
176280
192262
28729.6
19057.1
89157.1
123996
136875
182217
86331.6
89106.1
108249
129408
156560
98906.1
94087.3
136803
154836
125795
58495.9
86054.8
161506
175773
76213.4
26198.2
80076.3
106589
130358
159646
119114
97251.2
122377
140344
134105
80553.8
96859.3
122973
136030
83662.7
89050.5
158112
170879
71691.1
54477.1
88278.7
180990
188184
137675
707.267
63029.3
97958
197101
200709
165452
11037.3
72871.3
102543
169095
182465
178023
39817.8
85515.2
111229
125322
166085
85639.4
80841.3
98638
123287
145839
121029
93633.6
125049
139848
112707
75465.7
91365.1
117702
131257
91393.5
89715.1
144143
154257
87316.3
69093.7
87135.6
127733
145608
125225
81386.5
95098.4
119628
133681
98523.3
91408.5
139180
150057
90355.4
71590.5
87902.3
118892
137042
117669
89609.1
121663
135489
114761
76308
91953.8
114693
126474
89913.4
89561.4
129906
140437
98921.4
80209.6
102585
121215
129757
76869
84196.6
133517
147401
123488
76601.3
88597
118788
134200
114346
87049.4
116362
130059
115980
76067.8
91378.8
112593
123655
89985
89058.3
123238
134052
101335
83279.2
116526
130875
122672
72365.7
83623.7
112317
127648
112495
86837.4
115185
127458
112873
77851.8
96416.3
114187
120601
82134.9
87784.7
117924
130197
107393
87277.2
119803
130760
110538
76316.8
92549
110890
119956
86134.8
86580.5
115538
126453
103831
84502.2
116147
127339
111106
75830.3
91516
109669
118737
87099.3
86421.5
113573
123851
102698
84206
114369
124937
109200
76746.1
94553.4
110992
117219
82868
86065.9
112454
123284
104817
85248.9
111539
121783
108889
78398
96139.5
111203
114891
82142.4
86862.8
109307
119211
101211
86089
107204
116527
105054
82262.4
102929
114074
108567
79640.2
93120.5
108326
113033
87268.9
87442.8
107060
114820
98726.7
85963.7
102844
111173
101845
84059.3
98521
108570
104902
84547.8
94631
106426
106987
86997.9
90238.2
103686
107589
91767.3
88091.4
101079
106341
95743.7
87058
97408.1
104168
99174.3
88132.5
93833.3
101604
100968
90905.2
91314.9
98954.8
101011
93805
90254.2
96093.6
99745.5
96116
90845.1
93595.7
97972.1
97305.8
92577.8
92393.8
96186.6
97309.9
94084.6
92060.6
94382.3
96440.2
95041.4
92568
93222
95338.6
95326.8
93337.7
92745.8
94202.3
94955.6
93771.4
92599.4
93192.1
94198.2
93847.7
92734.8
92600.4
93408.9
93603.2
92835.9
92292.2
92647.8
93064.1
92732.2
92131.8
92099.5
92474.8
92468.9
92016.2
91744
91924.6
92069.1
91827.8
91487.4
91441.2
91575.1
91509.7
91237.6
91063.8
91110.5
91135.6
90969.4
90764
90704.8
90723.8
90645.7
90467.8
90330.8
90300.3
90262.8
90138.3
89991.1
89912.5
89871.8
89790.7
89660.6
89543
89475.2
89410.2
89307.7
89189.9
89098.1
89022.6
88936.6
88823.7
88718.4
88636
88554
88455.3
88351.9
88256.8
88176.8
88088.1
87983.3
87885.1
87794.5
87712.3
87619.4
87520.9
87426
87339.8
87250.8
87156.5
87060.1
86961.6
86864.4
86765
86665.8
86567.6
86472.4
86378.9
86290.7
86202.7
86114.8
86026.7
85937.1
85845.5
85747.2
85647.2
85547.4
85447.9
85347.5
85250
85152.5
85057.9
84962.3
84867.3
84772.9
84678.8
84584.6
84489.7
84394.2
84298.5
84203
84107.3
84010
83914.3
83818.7
83723.2
83626.6
83531.7
83435.5
83340.9
83244.6
83149.6
83054.1
82957
82860.1
82764.7
82667.8
82571.3
82475.3
82379.6
82284.2
82188.8
82093.4
81997.9
81902.4
81806.9
81711.4
81615.9
81519
81423.5
81326.6
81231.3
81134.4
81039
80942
80846.5
80750.6
80653.1
80557.3
80460.2
80363.4
80266.9
80170.8
80074.8
79978.8
79882.5
79786.6
79691
79595.7
79500.2
79403.4
79307.7
79211.6
79113.7
79017.1
78920.5
78822.7
78726.9
78629.5
78532.1
78435
78337.9
78241.5
78144.9
78048
77951
77854.2
77757.3
77660.6
77564
77467.4
77370.9
77274.2
77176
77077.8
76981.4
76883.3
76785.6
76688.4
76592.9
76495.8
76398.5
76302.7
76205.5
76108.8
76012.3
75915
75819.3
75723.8
75627.7
75531.1
75433.9
75335.4
75239
75141.1
75043.7
74946.8
74849.9
74754.7
74657.9
74561.3
74464.8
74368.5
74272.4
74176.1
74080.1
73983.2
73887.8
73791.1
73695.8
73599
73503.7
73406.4
73310.2
73212.7
73115.9
73019.4
72923.5
72827.9
72731.3
72636.2
72539.7
72443.1
72346.7
72250.5
72154.4
72058.2
71962.8
71865.6
71768.4
71671.6
71576.7
71480.6
71385.6
71289.1
71192.5
71096
70999.7
70903.5
70807.3
70710.8
70612.8
70515.3
70418.1
70321.1
70225.2
70129
70031.6
69934.1
69836.4
69738.7
69641.3
69544
69446.6
69349.2
69252.1
69153.4
69055.7
68957.5
68865
68774.1
68682.2
68588.6
68493.3
68392.3
68287.6
68182.7
68078.5
67975.5
67872.7
67772.7
67680.1
67591
67499
67404.9
67303.9
67197.9
67091
66984.9
66880.4
66777.6
66676.2
66575.6
66475.6
66382.5
66292.2
66200.6
66105.2
66002.2
65897.1
65790.1
65684
65579.4
65476.4
65374.9
65281.1
65190.8
65099.6
65005.2
64909.1
64805.7
64699.3
64592.9
64488.3
64385.8
64285
64193.4
64103.8
64012.7
63920
63825.5
63723.4
63618.7
63515.1
63411.3
63309.5
63209.7
63120
63032.8
62944.9
62854.8
62762.5
62668.4
62567.2
62463.1
62360.1
62259.3
62160.6
62071.9
61987.4
61901
61812.5
61721.9
61630.3
61536.9
61438.3
61337.9
61238.5
61141.4
61053.6
60968.5
60883.8
60796.5
60708
60618.9
60529.5
60439.6
60349.4
60259.4
60170
60081.6
59993.7
59905.8
59816.7
59728.8
59639.8
59551.2
59462.9
59375.2
59287.5
59200.2
59113.1
59026.2
58939.5
58852.9
58767
58681.6
58594.8
58508.2
58421.8
58336
58250.9
58166.5
58082.1
57997.1
57912
57826.5
57742.7
57657.3
57571.4
57486
57401.7
57317.8
57234.9
57147.5
57060.4
56970.7
56880.3
56796.6
56704.9
56602.4
56537.9
56483.3
56492.8
56911.9
58436.6
63139.7
71747.1
82791.2
94208.2
102769
108784
112289
114360
115242
115573
115602
115670
115722
115821
115807
115780
115688
115701
115682
115801
115843
115916
115973
116124
116351
116565
116893
117142
117408
117597
117751
117826
117764
117727
117712
117688
117573
117429
117203
116884
116470
116017
115546
115083
114615
114157
113696
113227
112755
112267
111783
111303
110831
110364
109901
109442
108995
108560
108130
107701
107273
106853
106439
106027
105627
105226
104821
104414
104000
103576
103144
102716
102305
101900
101505
101109
100744
100461
100232
100133
100302
100866
101838
103184
104742
106363
107922
109171
110244
111023
111753
112148
112608
112834
113013
113002
113060
112982
112928
112785
112670
112490
112332
112107
111937
111714
111552
111331
111144
110894
110674
110426
110108
109855
109630
109539
109588
109839
110254
110881
111612
112438
113180
113909
114331
114851
115204
115541
115775
116059
116250
116470
116724
117001
117352
117539
117744
117754
117730
117610
117509
117331
117211
117011
116834
116655
116551
116375
116231
116096
115939
115751
115433
115131
114727
114337
113902
113523
113123
112757
112329
111973
111611
111234
110881
110470
110096
109927
109843
